leg,tickLead,tickRace,distance,area
0,-4750.0,-4750.0,133.359,0.0
1,-4745.0,-4745.0,133.358,0.0
1,-4735.0,-4735.0,133.353,0.0
1,-4732.0,-4732.0,133.352,0.0
1,-4727.0,-4727.0,133.337,0.0
1,-4722.0,-4722.0,133.319,0.0
1,-4717.0,-4717.0,133.304,0.0
1,-4712.0,-4712.0,133.299,0.0
1,-4707.0,-4707.0,133.275,0.0
1,-4702.0,-4702.0,133.247,0.0
1,-4697.0,-4697.0,133.22,0.0
1,-4692.0,-4692.0,133.175,0.0
1,-4687.0,-4687.0,133.125,0.0
1,-4682.0,-4682.0,133.065,0.0
1,-4677.0,-4677.0,132.992,0.0
1,-4672.0,-4672.0,132.907,0.0
1,-4667.0,-4667.0,132.819,0.0
1,-4662.0,-4662.0,132.732,0.0
1,-4657.0,-4657.0,132.642,0.0
1,-4652.0,-4652.0,132.564,0.0
1,-4647.0,-4647.0,132.481,0.0
1,-4642.0,-4642.0,132.429,0.0
1,-4637.0,-4637.0,132.363,0.0
1,-4632.0,-4632.0,132.311,0.0
1,-4627.0,-4627.0,132.271,0.0
1,-4622.0,-4622.0,132.247,0.0
1,-4617.0,-4617.0,132.241,0.0
1,-4506.0,-4506.0,132.208,0.0
1,-4471.0,-4471.0,132.192,0.0
1,-4466.0,-4466.0,132.144,0.0
1,-4461.0,-4461.0,132.112,0.0
1,-4456.0,-4456.0,132.085,0.0
1,-4451.0,-4451.0,132.042,0.0
1,-4446.0,-4446.0,131.979,0.0
1,-4421.0,-4421.0,131.95,0.0
1,-4205.0,-4205.0,131.937,0.0
1,-4179.0,-4179.0,131.911,0.0
1,-4174.0,-4174.0,131.839,0.0
1,-4139.0,-4139.0,131.802,0.0
1,-4134.0,-4134.0,131.772,0.0
1,-4044.0,-4044.0,131.747,0.0
1,-4023.0,-4023.0,131.71,0.0
1,-4018.0,-4018.0,131.685,0.0
1,-3988.0,-3988.0,131.627,0.0
1,-3983.0,-3983.0,131.596,0.0
1,-3943.0,-3943.0,131.575,0.0
1,-3938.0,-3938.0,131.529,0.0
1,-3913.0,-3913.0,131.486,0.0
1,-3908.0,-3908.0,131.453,0.0
1,-3883.0,-3883.0,131.432,0.0
1,-3877.0,-3877.0,131.354,0.0
1,-3872.0,-3872.0,131.352,0.0
1,-3857.0,-3857.0,131.307,0.0
1,-3852.0,-3852.0,131.27,0.0
1,-3807.0,-3807.0,131.227,0.0
1,-3802.0,-3802.0,131.176,0.0
1,-3797.0,-3797.0,131.143,0.0
1,-3792.0,-3792.0,131.08,0.0
1,-3787.0,-3787.0,131.005,0.0
1,-3782.0,-3782.0,130.959,0.0
1,-3747.0,-3747.0,130.914,0.0
1,-3742.0,-3742.0,130.828,0.0
1,-3737.0,-3737.0,130.761,0.0
1,-3732.0,-3732.0,130.748,0.0
1,-3637.0,-3637.0,130.713,0.0
1,-3632.0,-3632.0,130.681,0.0
1,-1234.0,-1234.0,130.65,0.0
1,-1229.0,-1229.0,130.544,0.0
1,-1224.0,-1224.0,130.442,0.0
1,-1219.0,-1219.0,130.331,0.0
1,-1214.0,-1214.0,130.222,0.0
1,-1209.0,-1209.0,130.11,0.0
1,-1204.0,-1204.0,130.003,0.0
1,-1199.0,-1199.0,129.892,0.0
1,-1194.0,-1194.0,129.788,0.0
1,-1189.0,-1189.0,129.682,0.0
1,-1184.0,-1184.0,129.578,0.0
1,-1179.0,-1179.0,129.475,0.0
1,-1174.0,-1174.0,129.386,0.0
1,-1169.0,-1169.0,129.301,0.0
1,-1164.0,-1164.0,129.21,0.0
1,-1159.0,-1159.0,129.123,0.0
1,-1154.0,-1154.0,129.042,0.0
1,-1149.0,-1149.0,128.959,0.0
1,-1144.0,-1144.0,128.88,0.0
1,-1139.0,-1139.0,128.816,0.0
1,-1134.0,-1134.0,128.752,0.0
1,-1129.0,-1129.0,128.688,0.0
1,-1124.0,-1124.0,128.598,0.0
1,-1119.0,-1119.0,128.508,0.0
1,-1114.0,-1114.0,128.421,0.0
1,-1109.0,-1109.0,128.369,0.0
1,-1104.0,-1104.0,128.323,0.0
1,-1099.0,-1099.0,128.282,0.0
1,-1094.0,-1094.0,128.236,0.0
1,-1089.0,-1089.0,128.181,0.0
1,-1084.0,-1084.0,128.133,0.0
1,-1079.0,-1079.0,128.09,0.0
1,-1074.0,-1074.0,128.025,0.0
1,-1069.0,-1069.0,127.956,0.0
1,-1064.0,-1064.0,127.933,0.0
1,-736.0,-736.0,127.917,0.0
1,-716.0,-716.0,127.901,0.0
1,-711.0,-711.0,127.841,0.0
1,-621.0,-621.0,127.817,0.0
1,-616.0,-616.0,127.779,0.0
1,-611.0,-611.0,127.739,0.0
1,-606.0,-606.0,127.696,0.0
1,-601.0,-601.0,127.645,0.0
1,-596.0,-596.0,127.559,0.0
1,-591.0,-591.0,127.47,0.0
1,-586.0,-586.0,127.409,0.0
1,-581.0,-581.0,127.344,0.0
1,-576.0,-576.0,127.267,0.0
1,-571.0,-571.0,127.188,0.0
1,-566.0,-566.0,127.119,0.0
1,-561.0,-561.0,127.042,0.0
1,-556.0,-556.0,126.964,0.0
1,-551.0,-551.0,126.89,0.0
1,-546.0,-546.0,126.813,0.0
1,-541.0,-541.0,126.752,0.0
1,-345.0,-345.0,126.689,0.0
1,-340.0,-340.0,126.635,0.0
1,-335.0,-335.0,126.604,0.0
1,-330.0,-330.0,126.576,0.0
1,-325.0,-325.0,126.548,0.0
1,-290.0,-290.0,126.489,0.0
1,-285.0,-285.0,126.407,0.0
1,-280.0,-280.0,126.353,0.0
1,-254.0,-254.0,126.348,0.0
1,-249.0,-249.0,126.311,0.0
1,-159.0,-159.0,126.29,0.0
1,-154.0,-154.0,126.219,0.0
1,-149.0,-149.0,126.159,0.0
1,-144.0,-144.0,126.105,0.0
1,-139.0,-139.0,126.071,0.0
1,-119.0,-119.0,126.054,0.0
1,-113.0,-113.0,125.984,0.0
1,-108.0,-108.0,125.967,0.0
1,-78.0,-78.0,125.958,0.0
1,-48.0,-48.0,125.936,0.0
1,-13.0,-13.0,125.882,0.0
1,-8.0,-8.0,125.854,0.0
1,42.0,42.0,125.844,0.0
1,47.0,47.0,125.788,0.0
1,72.0,72.0,125.74,0.0
1,78.0,78.0,125.695,0.0
1,113.0,113.0,125.642,0.0
1,118.0,118.0,125.589,0.0
1,123.0,123.0,125.565,0.0
1,298.0,298.0,125.555,0.0
1,303.0,303.0,125.551,0.0
1,354.0,354.0,125.538,0.0
1,359.0,359.0,125.518,0.0
1,364.0,364.0,125.512,0.0
1,560.0,560.0,125.497,0.0
1,580.0,580.0,125.476,0.0
1,585.0,585.0,125.397,0.0
1,590.0,590.0,125.384,0.0
1,680.0,680.0,125.372,0.0
1,700.0,700.0,125.305,0.0
1,705.0,705.0,125.301,0.0
1,771.0,771.0,125.262,0.0
1,776.0,776.0,125.182,0.0
1,781.0,781.0,125.167,0.0
1,801.0,801.0,125.149,0.0
1,806.0,806.0,125.054,0.0
1,811.0,811.0,124.986,0.0
1,816.0,816.0,124.954,0.0
1,1811.0,1811.0,124.932,0.0
1,1816.0,1816.0,124.858,0.0
1,1821.0,1821.0,124.786,0.0
1,1826.0,1826.0,124.708,0.0
1,1831.0,1831.0,124.637,0.0
1,1836.0,1836.0,124.577,0.0
1,1841.0,1841.0,124.52,0.0
1,1846.0,1846.0,124.463,0.0
1,1851.0,1851.0,124.414,0.0
1,1856.0,1856.0,124.376,0.0
1,1861.0,1861.0,124.349,0.0
1,1866.0,1866.0,124.311,0.0
1,1871.0,1871.0,124.263,0.0
1,1876.0,1876.0,124.226,0.0
1,1881.0,1881.0,124.187,0.0
1,1886.0,1886.0,124.158,0.0
1,1891.0,1891.0,124.122,0.0
1,1896.0,1896.0,124.079,0.0
1,1901.0,1901.0,124.029,0.0
2,1906.0,1906.0,123.966,9.262563470895163e-10
2,1911.0,1911.0,123.883,1.2227868984385385e-9
2,1916.0,1916.0,123.799,1.2399211358383537e-9
2,1921.0,1921.0,123.734,9.613879031899382e-10
2,1927.0,1927.0,123.68,8.008009350333137e-10
2,1932.0,1932.0,123.616,9.511062032103211e-10
2,1937.0,1937.0,123.561,8.190778723692614e-10
2,1942.0,1942.0,123.494,9.99867615696793e-10
2,1947.0,1947.0,123.428,9.869485184509534e-10
2,1952.0,1952.0,123.368,8.990710354358014e-10
2,1957.0,1957.0,123.308,9.009357073211815e-10
2,1962.0,1962.0,123.256,7.824504417225398e-10
2,1967.0,1967.0,123.202,8.142651843854995e-10
2,1972.0,1972.0,123.148,8.159772743254004e-10
2,1977.0,1977.0,123.073,1.1355803003451767e-9
2,1982.0,1982.0,122.983,1.3652272418244614e-9
2,1987.0,1987.0,122.904,1.2005641011256376e-9
2,1992.0,1992.0,122.831,1.1114861054266583e-9
2,1997.0,1997.0,122.759,1.0983634355072782e-9
2,2002.0,2002.0,122.688,1.0851879846024134e-9
2,2007.0,2007.0,122.621,1.0260310026832917e-9
2,2012.0,2012.0,122.568,8.132604543181262e-10
2,2017.0,2017.0,122.505,9.68649684150608e-10
2,2022.0,2022.0,122.425,1.2323610034568043e-9
2,2027.0,2027.0,122.332,1.4351478510656738e-9
2,2032.0,2032.0,122.232,1.545756420083515e-9
2,2037.0,2037.0,122.14,1.4244759654053044e-9
2,2042.0,2042.0,122.046,1.4579048426089487e-9
2,2047.0,2047.0,121.962,1.3050466025867337e-9
2,2052.0,2052.0,121.891,1.1050670621351779e-9
2,2057.0,2057.0,121.829,9.668118772275894e-10
2,2062.0,2062.0,121.757,1.1248595701128025e-9
2,2067.0,2067.0,121.671,1.3459666067087067e-9
2,2072.0,2072.0,121.598,1.144522164441883e-9
2,2077.0,2077.0,121.526,1.1308933537616616e-9
2,2082.0,2082.0,121.447,1.243055898911293e-9
2,2087.0,2087.0,121.341,1.6706303169970457e-9
2,2092.0,2092.0,121.25,1.4364899226548326e-9
2,2097.0,2097.0,121.155,1.5020639940604554e-9
2,2102.0,2102.0,121.073,1.298660806769104e-9
2,2107.0,2107.0,120.989,1.3325860583817935e-9
2,2112.0,2112.0,120.915,1.1759625997699515e-9
2,2117.0,2117.0,120.841,1.1780254297004037e-9
2,2122.0,2122.0,120.783,9.24992623016715e-10
2,2127.0,2127.0,120.758,3.9950588850161716e-10
2,2148.0,2148.0,120.751,1.1295109957537696e-10
2,2153.0,2153.0,120.704,7.599813193449131e-10
2,2173.0,2173.0,120.691,2.1210757334667066e-10
2,2178.0,2178.0,120.676,2.452741918359362e-10
2,2389.0,2389.0,120.665,1.9727169185490808e-10
2,2419.0,2419.0,120.629,6.535965008293032e-10
2,2444.0,2444.0,120.6,5.31806378998189e-10
2,2449.0,2449.0,120.567,6.06241178828082e-10
2,2469.0,2469.0,120.56,1.2962530737520955e-10
2,2474.0,2474.0,120.497,1.1686509556234379e-9
2,2479.0,2479.0,120.479,3.3446266773581207e-10
2,2504.0,2504.0,120.462,3.190206391701774e-10
2,2509.0,2509.0,120.455,1.3161063188427648e-10
2,2560.0,2560.0,120.451,7.673127235385883e-11
2,2565.0,2565.0,120.401,9.607988114916553e-10
2,2570.0,2570.0,120.336,1.2508756847784281e-9
2,2575.0,2575.0,120.263,1.4067558759461258e-9
2,2580.0,2580.0,120.207,1.0806709141617395e-9
2,2585.0,2585.0,120.156,9.856509975655815e-10
2,2590.0,2590.0,120.117,7.549082445530689e-10
2,2595.0,2595.0,120.09,5.234938838095241e-10
2,2600.0,2600.0,120.087,5.827078180295217e-11
2,2605.0,2605.0,120.052,6.810253783816379e-10
2,2610.0,2610.0,119.988,1.2471793912158047e-9
2,2615.0,2615.0,119.918,1.3659527264805132e-9
2,2620.0,2620.0,119.839,1.543563515507053e-9
2,2625.0,2625.0,119.759,1.5650467307437745e-9
2,2630.0,2630.0,119.678,1.5865612984992817e-9
2,2635.0,2635.0,119.596,1.6081065030558336e-9
2,2640.0,2640.0,119.518,1.531540058410344e-9
2,2645.0,2645.0,119.442,1.494133161017516e-9
2,2650.0,2650.0,119.364,1.5353611147598706e-9
2,2655.0,2655.0,119.266,1.931258769195934e-9
2,2660.0,2660.0,119.185,1.598050980811249e-9
2,2665.0,2665.0,119.104,1.5999671036176801e-9
2,2670.0,2670.0,119.027,1.5227995811105737e-9
2,2675.0,2675.0,118.958,1.3663038377046001e-9
2,2680.0,2680.0,118.888,1.3878850973308355e-9
2,2685.0,2685.0,118.832,1.1117902600358368e-9
2,2690.0,2690.0,118.808,4.772081935824381e-10
2,2695.0,2695.0,118.771,7.36874232329829e-10
2,2700.0,2700.0,118.699,1.4359186599043605e-9
2,2705.0,2705.0,118.629,1.3977809434138033e-9
2,2710.0,2710.0,118.549,1.5994052116609294e-9
2,2715.0,2715.0,118.477,1.4411963192340288e-9
2,2720.0,2720.0,118.392,1.703416629595309e-9
2,2726.0,2726.0,118.312,1.6056329129242817e-9
2,2731.0,2731.0,118.223,1.7882652833635982e-9
2,2736.0,2736.0,118.136,1.7499768999454477e-9
2,2741.0,2741.0,118.057,1.5908453967132015e-9
2,2746.0,2746.0,118.002,1.108941437207001e-9
2,2751.0,2751.0,117.962,8.076462068512049e-10
2,2781.0,2781.0,117.956,1.224441789698125e-10
2,2786.0,2786.0,117.883,1.4919161777986742e-9
2,2791.0,2791.0,117.808,1.5345778500159954e-9
2,2796.0,2796.0,117.718,1.8435009227407398e-9
2,2801.0,2801.0,117.632,1.7633989957013531e-9
2,2806.0,2806.0,117.543,1.826811144810479e-9
2,2811.0,2811.0,117.453,1.849220296215799e-9
2,2816.0,2816.0,117.357,1.974446172451703e-9
2,2821.0,2821.0,117.261,1.976334599802494e-9
2,2826.0,2826.0,117.168,1.9164225280723468e-9
2,2831.0,2831.0,117.078,1.8564334657027356e-9
2,2836.0,2836.0,116.984,1.940840374936713e-9
2,2841.0,2841.0,116.897,1.7980851521324574e-9
2,2846.0,2846.0,116.828,1.4276244635296095e-9
2,2851.0,2851.0,116.759,1.429288184145063e-9
2,2856.0,2856.0,116.687,1.4931449261005683e-9
2,2876.0,2876.0,116.644,8.97541639818914e-10
2,2881.0,2881.0,116.596,1.0032573608395335e-9
2,2956.0,2956.0,116.527,1.4789839810309435e-9
2,2961.0,2961.0,116.464,1.3518948967237197e-9
2,2966.0,2966.0,116.422,9.023783042664998e-10
2,2987.0,2987.0,116.38,9.084395770538677e-10
2,2992.0,2992.0,116.327,1.1478145682526073e-9
2,3012.0,3012.0,116.272,1.19853391191126e-9
2,3027.0,3027.0,116.243,6.348720686178033e-10
2,3032.0,3032.0,116.179,1.4028499833459577e-9
2,3082.0,3082.0,116.168,2.4501192095931944e-10
2,3087.0,3087.0,116.148,4.461393939519585e-10
2,3107.0,3107.0,116.129,4.2650673038042375e-10
2,3122.0,3122.0,116.115,3.1574047913128355e-10
2,3127.0,3127.0,116.06,1.2420264693225685e-9
2,3147.0,3147.0,116.016,9.995498913263376e-10
2,3167.0,3167.0,115.98,8.227272603909311e-10
2,3187.0,3187.0,115.939,9.425992206329285e-10
2,3208.0,3208.0,115.919,4.6271253735272285e-10
2,3228.0,3228.0,115.918,2.3277755423032546e-11
2,3248.0,3248.0,115.905,3.044673455917231e-10
2,3268.0,3268.0,115.902,7.068946184825419e-11
2,3283.0,3283.0,115.881,4.970460004862122e-10
2,3303.0,3303.0,115.843,9.0466546839198e-10
2,3379.0,3379.0,115.839,9.740142328851754e-11
2,3404.0,3404.0,115.825,3.434005324942799e-10
2,3409.0,3409.0,115.764,1.4979578392197891e-9
2,3414.0,3414.0,115.756,1.9668300905808998e-10
2,3429.0,3429.0,115.731,6.172469133355243e-10
2,3434.0,3434.0,115.725,1.4833540135505e-10
2,3449.0,3449.0,115.674,1.266046551617441e-9
2,3469.0,3469.0,115.672,4.992534984484751e-11
2,3474.0,3474.0,115.651,5.249195540898631e-10
2,3580.0,3580.0,115.616,9.013419080838437e-10
2,3600.0,3600.0,115.597,4.919185239101114e-10
2,3605.0,3605.0,115.554,1.1145365818054315e-9
2,3635.0,3635.0,115.48,1.933022275188369e-9
2,3640.0,3640.0,115.406,1.934441183729826e-9
2,3645.0,3645.0,115.331,1.962008407952302e-9
2,3650.0,3650.0,115.25,2.1204411713336366e-9
2,3655.0,3655.0,115.17,2.095667445250348e-9
2,3660.0,3660.0,115.124,1.205997386454171e-9
2,3666.0,3666.0,115.097,7.088037183957459e-10
2,3671.0,3671.0,115.068,7.621605966785777e-10
2,3676.0,3676.0,115.028,1.0523722541925216e-9
2,3681.0,3681.0,114.973,1.448381795504982e-9
2,3686.0,3686.0,114.916,1.5023572049150444e-9
2,3691.0,3691.0,114.847,1.8201117590790887e-9
2,3696.0,3696.0,114.777,1.8478729450844594e-9
2,3701.0,3701.0,114.724,1.4002460728725713e-9
2,3706.0,3706.0,114.659,1.7187187958250433e-9
2,3711.0,3711.0,114.586,1.9316948103263865e-9
2,3716.0,3716.0,114.51,2.0124802662818027e-9
2,3721.0,3721.0,114.428,2.1727823929026236e-9
2,3726.0,3726.0,114.34,2.333165921792458e-9
2,3731.0,3731.0,114.265,1.989743358677316e-9
2,3736.0,3736.0,114.193,1.911483532491047e-9
2,3741.0,3741.0,114.132,1.6206746381931573e-9
2,3746.0,3746.0,114.067,1.7283022408440863e-9
2,3751.0,3751.0,113.995,1.9158315261465055e-9
2,3756.0,3756.0,113.931,1.7042144873491459e-9
2,3761.0,3761.0,113.88,1.3591676411280829e-9
2,3766.0,3766.0,113.822,1.5470344357933884e-9
2,3771.0,3771.0,113.746,2.0286454151797724e-9
2,3776.0,3776.0,113.661,2.270280749741058e-9
2,3781.0,3781.0,113.585,2.0311469431031085e-9
2,3786.0,3786.0,113.515,1.872063648446472e-9
2,3791.0,3791.0,113.435,2.140911844579127e-9
2,3796.0,3796.0,113.33,2.8113593016667858e-9
2,3801.0,3801.0,113.239,2.4376119830154935e-9
2,3806.0,3806.0,113.143,2.572804198749432e-9
2,3811.0,3811.0,113.047,2.573999207191525e-9
2,3816.0,3816.0,112.958,2.38748826936935e-9
2,3821.0,3821.0,112.858,2.6838397095534063e-9
2,3826.0,3826.0,112.753,2.819157643203749e-9
2,3831.0,3831.0,112.645,2.9007532802195516e-9
2,3836.0,3836.0,112.546,2.660049075114505e-9
2,3841.0,3841.0,112.467,2.1237521660307376e-9
2,3846.0,3846.0,112.395,1.936790614317491e-9
2,3851.0,3851.0,112.319,2.045700577339122e-9
2,3856.0,3856.0,112.251,1.831565706325519e-9
2,3861.0,3861.0,112.158,2.5063853710473384e-9
2,3867.0,3867.0,112.07,2.373403147023956e-9
2,3872.0,3872.0,111.991,2.1318347456114122e-9
2,3877.0,3877.0,111.927,1.7281825189948608e-9
2,4250.0,4250.0,111.898,8.58065315767344e-10
2,4255.0,4255.0,111.828,2.0727116517032986e-9
2,4260.0,4260.0,111.759,2.044231447784653e-9
2,4265.0,4265.0,111.694,1.926830038940144e-9
2,4270.0,4270.0,111.621,2.165177259048665e-9
2,4275.0,4275.0,111.545,2.2552908971714115e-9
2,4280.0,4280.0,111.474,2.107991271524182e-9
2,4285.0,4285.0,111.408,1.9606252182396454e-9
2,4290.0,4290.0,111.331,2.288595866965176e-9
2,4295.0,4295.0,111.252,2.3491301423132986e-9
2,4300.0,4300.0,111.176,2.260977971614536e-9
2,4305.0,4305.0,111.11,1.9645090262833897e-9
2,4310.0,4310.0,111.052,1.7274276490627684e-9
2,4315.0,4315.0,110.964,2.6222408123585235e-9
2,4320.0,4320.0,110.889,2.2358112776053265e-9
2,4325.0,4325.0,110.818,2.1176232293217778e-9
2,4330.0,4330.0,110.738,2.3871858168050073e-9
2,4335.0,4335.0,110.655,2.47774099162174e-9
2,4340.0,4340.0,110.573,2.4488856223474866e-9
2,4345.0,4345.0,110.494,2.360291357404939e-9
2,4350.0,4350.0,110.416,2.3314390251852683e-9
2,4355.0,4355.0,110.347,2.0634234586864546e-9
2,4360.0,4360.0,110.275,2.154232776556817e-9
2,4365.0,4365.0,110.197,2.3348399676783355e-9
2,4370.0,4370.0,110.115,2.4556036418272057e-9
2,4375.0,4375.0,110.033,2.4565832169700574e-9
2,4380.0,4380.0,109.957,2.277799372143855e-9
2,4385.0,4385.0,109.89,2.009045490335019e-9
2,4391.0,4391.0,109.816,2.2205568717024257e-9
2,4396.0,4396.0,109.737,2.37164115035183e-9
2,4401.0,4401.0,109.662,2.252537875156179e-9
2,4406.0,4406.0,109.588,2.2235179562495174e-9
2,4411.0,4411.0,109.512,2.284640409130214e-9
2,4416.0,4416.0,109.434,2.34577043934475e-9
2,4421.0,4421.0,109.356,2.346753165136662e-9
2,4426.0,4426.0,109.28,2.2875547726792793e-9
2,4431.0,4431.0,109.199,2.439053320783839e-9
2,4436.0,4436.0,109.124,2.259316727020011e-9
2,4441.0,4441.0,109.049,2.260309271387494e-9
2,4446.0,4446.0,108.965,2.532549566380563e-9
2,4451.0,4451.0,108.885,2.412848044652661e-9
2,4456.0,4456.0,108.808,2.3232994954495552e-9
2,4461.0,4461.0,108.734,2.2337362199536625e-9
2,4466.0,4466.0,108.66,2.234718469720122e-9
2,4471.0,4471.0,108.588,2.175293087106958e-9
2,4476.0,4476.0,108.51,2.35757397922528e-9
2,4481.0,4481.0,108.426,2.5398652986066655e-9
2,4486.0,4486.0,108.34,2.601199791397556e-9
2,4491.0,4491.0,108.252,2.6625205299770806e-9
2,4496.0,4496.0,108.173,2.3910334203212464e-9
2,4501.0,4501.0,108.085,2.6643341644154797e-9
2,4506.0,4506.0,107.998,2.6348498239669376e-9
2,4511.0,4511.0,107.897,3.059578579670599e-9
2,4516.0,4516.0,107.8,2.938966249348661e-9
2,4521.0,4521.0,107.731,2.091308815278315e-9
2,4526.0,4526.0,107.673,1.7588189386020362e-9
2,4551.0,4551.0,107.655,5.486617364348096e-10
2,4556.0,4556.0,107.632,7.017043741933593e-10
2,4753.0,4753.0,107.585,1.4954333851426785e-9
2,4758.0,4758.0,107.524,1.9419483752483467e-9
2,4763.0,4763.0,107.465,1.8792028360117393e-9
2,4768.0,4768.0,107.411,1.7208489207759875e-9
2,4813.0,4813.0,107.358,1.7040728324854336e-9
2,4818.0,4818.0,107.352,1.9306126361447325e-10
2,4833.0,4833.0,107.315,1.1940118380134695e-9
2,4838.0,4838.0,107.293,7.104921411450401e-10
2,4858.0,4858.0,107.26,1.069869651375771e-9
2,4878.0,4878.0,107.225,1.1390206348113061e-9
2,4898.0,4898.0,107.19,1.143317407626677e-9
2,4919.0,4919.0,107.165,8.199271661446247e-10
2,4949.0,4949.0,107.139,8.577207278343796e-10
2,4954.0,4954.0,107.055,2.7724735777928206e-9
2,4959.0,4959.0,106.994,2.014011624693403e-9
2,4964.0,4964.0,106.955,1.2883428963211405e-9
2,4969.0,4969.0,106.909,1.5205102082460695e-9
2,4974.0,4974.0,106.844,2.1495927204606854e-9
2,4979.0,4979.0,106.763,2.6795844705116714e-9
2,4984.0,4984.0,106.689,2.4486956413329826e-9
2,4989.0,4989.0,106.621,2.250911700859225e-9
2,4994.0,4994.0,106.527,3.1123073615350328e-9
2,4999.0,4999.0,106.428,3.2781664341725626e-9
2,5004.0,5004.0,106.328,3.311493782958554e-9
2,5009.0,5009.0,106.24,2.9144487090218228e-9
2,5014.0,5014.0,106.179,2.0208419609146362e-9
2,5019.0,5019.0,106.116,2.0879607828546674e-9
2,5024.0,5024.0,106.048,2.2545250470616338e-9
2,5029.0,5029.0,105.966,2.7194736442804665e-9
2,5034.0,5034.0,105.883,2.753230350001614e-9
2,5039.0,5039.0,105.779,3.4502091256798423e-9
2,5044.0,5044.0,105.688,3.019144509724824e-9
2,5049.0,5049.0,105.59,3.251700590640189e-9
2,5054.0,5054.0,105.506,2.7875287423398937e-9
2,5059.0,5059.0,105.429,2.5558118433075454e-9
2,5064.0,5064.0,105.372,1.892631420905931e-9
2,5069.0,5069.0,105.311,2.026312606991215e-9
2,5074.0,5074.0,105.236,2.4922156013807826e-9
2,5079.0,5079.0,105.177,1.9612258972774556e-9
2,5084.0,5084.0,105.119,1.928809666856789e-9
2,5089.0,5089.0,105.06,1.962901967451408e-9
2,5095.0,5095.0,105.004,1.8642694068088715e-9
2,5100.0,5100.0,104.947,1.898400351870616e-9
2,5105.0,5105.0,104.898,1.6327334058709155e-9
2,5110.0,5110.0,104.842,1.866874042548642e-9
2,5115.0,5115.0,104.782,2.00107201628691e-9
2,5120.0,5120.0,104.708,2.4688221425760396e-9
2,5125.0,5125.0,104.635,2.436127418728787e-9
2,5130.0,5130.0,104.556,2.6370130486452716e-9
2,5135.0,5135.0,104.486,2.337205319971329e-9
2,5140.0,5140.0,104.422,2.137583018757685e-9
2,5145.0,5145.0,104.362,2.004742833615024e-9
2,5150.0,5150.0,104.311,1.704780587168586e-9
2,5155.0,5155.0,104.281,1.003396077467746e-9
2,5160.0,5160.0,104.249,1.071008825479513e-9
2,5165.0,5165.0,104.195,1.808332595853587e-9
2,5170.0,5170.0,104.135,2.0101035646608638e-9
2,5175.0,5175.0,104.064,2.379425811861679e-9
2,5180.0,5180.0,103.992,2.413611282223429e-9
2,5185.0,5185.0,103.917,2.5148271484922446e-9
2,5190.0,5190.0,103.838,2.64954170689431e-9
2,5195.0,5195.0,103.759,2.650077304564429e-9
2,5200.0,5200.0,103.687,2.415826448373368e-9
2,5205.0,5205.0,103.627,2.0138422211541764e-9
2,5210.0,5210.0,103.576,1.712492842019071e-9
2,5215.0,5215.0,103.54,1.2094705277341598e-9
2,5220.0,5220.0,103.496,1.4790875254320686e-9
2,5225.0,5225.0,103.439,1.9169903569049e-9
2,5230.0,5230.0,103.383,1.884131783589686e-9
2,5235.0,5235.0,103.315,2.2886885640048327e-9
2,5240.0,5240.0,103.291,8.081840678492824e-10
2,5461.0,5461.0,103.269,7.719086518283483e-10
2,5466.0,5466.0,103.213,1.9659147399987744e-9
2,5471.0,5471.0,103.139,2.5985551797580764e-9
2,5476.0,5476.0,103.058,2.844825466833304e-9
2,5481.0,5481.0,102.981,2.7047354115898365e-9
2,5486.0,5486.0,102.912,2.4242159372185575e-9
2,5491.0,5491.0,102.841,2.495058858132367e-9
2,5496.0,5496.0,102.772,2.4253320781059385e-9
2,5501.0,5501.0,102.696,2.671924961468247e-9
2,5506.0,5506.0,102.616,2.8129716423419654e-9
2,5511.0,5511.0,102.537,2.778178850706335e-9
2,5516.0,5516.0,102.459,2.743399616141952e-9
2,5521.0,5521.0,102.373,3.0250936941715405e-9
2,5527.0,5527.0,102.286,3.0610074835557243e-9
2,5532.0,5532.0,102.191,3.342528106856802e-9
2,5537.0,5537.0,102.096,3.3424405077079573e-9
2,5542.0,5542.0,102.0,3.3775133486225305e-9
2,5547.0,5547.0,101.904,3.3773803383225175e-9
2,5552.0,5552.0,101.808,3.3772415948194178e-9
2,5557.0,5557.0,101.711,3.412258446805887e-9
2,5562.0,5562.0,101.617,3.3065938476189795e-9
2,5567.0,5567.0,101.539,2.743912787789688e-9
2,5572.0,5572.0,101.445,3.306934509341377e-9
2,5577.0,5577.0,101.356,3.1310180384775337e-9
2,5582.0,5582.0,101.27,3.0255774941048437e-9
2,5587.0,5587.0,101.185,2.990549053161519e-9
2,5592.0,5592.0,101.099,3.025881898048282e-9
2,5597.0,5597.0,101.02,2.77980521583087e-9
2,5602.0,5602.0,100.941,2.7801135509305403e-9
2,5607.0,5607.0,100.863,2.7452364424299297e-9
2,5612.0,5612.0,100.777,3.0270362982960807e-9
2,5617.0,5617.0,100.686,3.203066382559483e-9
2,5622.0,5622.0,100.591,3.3437471075951294e-9
2,5627.0,5627.0,100.502,3.1324828457972045e-9
2,5632.0,5632.0,100.418,2.9565819969150625e-9
2,5637.0,5637.0,100.348,2.4641155397115133e-9
2,5642.0,5642.0,100.279,2.4293851815385068e-9
2,5647.0,5647.0,100.209,2.4650687586700457e-9
2,5652.0,5652.0,100.121,3.099243098368505e-9
2,5657.0,5657.0,100.032,3.1344627693007053e-9
2,5662.0,5662.0,99.95,2.888015044177296e-9
2,5667.0,5667.0,99.856,3.3106587543196995e-9
2,5672.0,5672.0,99.769,3.064045642631084e-9
2,5677.0,5677.0,99.682,3.064073588541583e-9
2,5682.0,5682.0,99.597,2.9936878635362614e-9
2,5687.0,5687.0,99.52,2.7121088768420002e-9
2,5692.0,5692.0,99.45,2.465899416115664e-9
2,5697.0,5697.0,99.377,2.5719899407455268e-9
2,5702.0,5702.0,99.292,2.9950292687086987e-9
2,5707.0,5707.0,99.2,3.2416306797738912e-9
2,5712.0,5712.0,99.123,2.7131689211477067e-9
2,5717.0,5717.0,99.047,2.678209340067537e-9
2,5722.0,5722.0,98.969,2.748954590779346e-9
2,5727.0,5727.0,98.882,3.0662637717750404e-9
2,5732.0,5732.0,98.795,3.066241817174223e-9
2,5737.0,5737.0,98.705,3.171898530252135e-9
2,5743.0,5743.0,98.631,2.6085651220469337e-9
2,5748.0,5748.0,98.585,1.6219653180541283e-9
2,5753.0,5753.0,98.527,2.0457862650782075e-9
2,5758.0,5758.0,98.459,2.399058074493821e-9
2,5763.0,5763.0,98.387,2.5405780207904267e-9
2,5768.0,5768.0,98.305,2.8936808276360572e-9
2,5773.0,5773.0,98.224,2.8584990164321853e-9
2,5778.0,5778.0,98.149,2.6469479552811665e-9
2,5783.0,5783.0,98.074,2.647214867868229e-9
2,5788.0,5788.0,97.991,2.929756422261816e-9
2,5793.0,5793.0,97.914,2.7180948051077385e-9
2,5798.0,5798.0,97.848,2.33010432666494e-9
2,5803.0,5803.0,97.799,1.730400651435828e-9
2,6205.0,6205.0,97.759,1.5097401005271893e-9
2,6210.0,6210.0,97.67,3.359660884175025e-9
2,6215.0,6215.0,97.593,2.906542261498653e-9
2,6220.0,6220.0,97.518,2.8311196839275378e-9
2,6225.0,6225.0,97.443,2.8312172085589424e-9
2,6230.0,6230.0,97.367,2.8690473229601334e-9
2,6235.0,6235.0,97.285,3.0955227985751087e-9
2,6240.0,6240.0,97.207,2.94446069278821e-9
2,6245.0,6245.0,97.127,3.019924225650015e-9
2,6251.0,6251.0,97.05,2.9071191872176412e-9
2,6256.0,6256.0,96.977,2.756173770299583e-9
2,6261.0,6261.0,96.913,2.416595235007916e-9
2,6266.0,6266.0,96.856,2.1526546944423487e-9
2,6271.0,6271.0,96.815,1.548852563511191e-9
2,6276.0,6276.0,96.767,1.8139026328384548e-9
2,6281.0,6281.0,96.698,2.6079851744214772e-9
2,6286.0,6286.0,96.638,2.26810513870777e-9
2,6291.0,6291.0,96.57,2.5708606042543166e-9
2,6296.0,6296.0,96.5,2.646685769817569e-9
2,6301.0,6301.0,96.435,2.457868717041433e-9
2,6306.0,6306.0,96.381,2.0422815867046592e-9
2,6311.0,6311.0,96.35,1.1728332646081206e-9
2,6316.0,6316.0,96.323,1.0220015900498536e-9
2,6321.0,6321.0,96.268,2.0826164498498312e-9
2,6326.0,6326.0,96.201,2.5374039205824096e-9
2,6331.0,6331.0,96.14,2.3104620770866753e-9
2,6336.0,6336.0,96.082,2.197207537344733e-9
2,6341.0,6341.0,96.028,2.0460974372611876e-9
2,6346.0,6346.0,95.968,2.2738841024042634e-9
2,6351.0,6351.0,95.894,2.8047078251601054e-9
2,6356.0,6356.0,95.841,2.009027966462293e-9
2,6361.0,6361.0,95.828,4.929983335805557e-10
2,6381.0,6381.0,95.807,7.987441617627737e-10
2,6401.0,6401.0,95.779,1.068057059999703e-9
2,6517.0,6517.0,95.755,9.318149365186067e-10
2,6522.0,6522.0,95.705,1.9420199176664076e-9
2,6527.0,6527.0,95.644,2.3697060156578557e-9
2,6532.0,6532.0,95.585,2.2923280469178513e-9
2,6537.0,6537.0,95.542,1.6710667962664398e-9
2,6542.0,6542.0,95.49,2.0213654224048873e-9
2,6547.0,6547.0,95.444,1.788579587501271e-9
2,6552.0,6552.0,95.41,1.3224488969749209e-9
2,6557.0,6557.0,95.37,1.5564058190045218e-9
2,6562.0,6562.0,95.332,1.4791080368104187e-9
2,6567.0,6567.0,95.278,2.1024771468257344e-9
2,6572.0,6572.0,95.246,1.2462984368619363e-9
2,6582.0,6582.0,95.235,4.28970129427229e-10
2,6587.0,6587.0,95.177,2.2627407495100926e-9
2,6592.0,6592.0,95.13,1.8339802147350033e-9
2,6597.0,6597.0,95.076,2.107605303940377e-9
2,6602.0,6602.0,95.009,2.6153089271898505e-9
2,6607.0,6607.0,94.948,2.3813008684582313e-9
2,6612.0,6612.0,94.894,2.1083549683279856e-9
2,6617.0,6617.0,94.852,1.6402418209516855e-9
2,6623.0,6623.0,94.808,1.7191271698669855e-9
2,6628.0,6628.0,94.747,2.3838142177837094e-9
2,6633.0,6633.0,94.688,2.3059349812553375e-9
2,6638.0,6638.0,94.616,2.8141961309915542e-9
2,6643.0,6643.0,94.546,2.7360310141576404e-9
2,6648.0,6648.0,94.48,2.5797719539459264e-9
2,6653.0,6653.0,94.41,2.73620956335603e-9
2,6658.0,6658.0,94.351,2.3063908068490246e-9
2,6663.0,6663.0,94.291,2.345763812568791e-9
2,6668.0,6668.0,94.228,2.4632931229979357e-9
2,6673.0,6673.0,94.17,2.2680375101836645e-9
2,6678.0,6678.0,94.115,2.151045779380617e-9
2,6683.0,6683.0,94.054,2.3860206580617322e-9
2,6688.0,6688.0,94.003,1.995173972181601e-9
2,6693.0,6693.0,93.959,1.7217432354329024e-9
2,6698.0,6698.0,93.887,2.817762711530137e-9
2,6703.0,6703.0,93.799,3.443567470268601e-9
2,6708.0,6708.0,93.722,3.012718233118012e-9
2,6713.0,6713.0,93.647,2.9342727194727387e-9
2,6718.0,6718.0,93.583,2.5039187783033245e-9
2,6723.0,6723.0,93.525,2.269385563656954e-9
2,6728.0,6728.0,93.481,1.7219440122378145e-9
2,6733.0,6733.0,93.433,1.8789555656152167e-9
2,6738.0,6738.0,93.382,1.996814645863876e-9
2,6743.0,6743.0,93.318,2.5061223984197996e-9
2,6748.0,6748.0,93.258,2.349670307074334e-9
2,6753.0,6753.0,93.193,2.5456556108522245e-9
2,6758.0,6758.0,93.124,2.702368608297021e-9
2,6763.0,6763.0,93.055,2.702364940409191e-9
2,6768.0,6768.0,93.01,1.7626349512766425e-9
2,6970.0,6970.0,92.994,6.452081891690544e-10
2,6975.0,6975.0,92.943,2.0573350924110554e-9
2,6980.0,6980.0,92.882,2.461014800296488e-9
2,6985.0,6985.0,92.809,2.9451332714497073e-9
2,6990.0,6990.0,92.739,2.823945556952626e-9
2,6995.0,6995.0,92.675,2.581873989874606e-9
2,7000.0,7000.0,92.623,2.097958735589454e-9
2,7005.0,7005.0,92.56,2.5419946428005505e-9
2,7010.0,7010.0,92.493,2.7034215858521843e-9
2,7015.0,7015.0,92.424,2.7840589802329692e-9
2,7020.0,7020.0,92.367,2.2999458435223226e-9
2,7025.0,7025.0,92.303,2.582542505184567e-9
2,7030.0,7030.0,92.231,2.9052870184415383e-9
2,7035.0,7035.0,92.162,2.7840847348539644e-9
2,7040.0,7040.0,92.104,2.340295445869675e-9
2,7045.0,7045.0,92.047,2.300142598095634e-9
2,7050.0,7050.0,91.994,2.138968541782666e-9
2,7055.0,7055.0,91.98,5.652054373271678e-10
2,7080.0,7080.0,91.934,1.86307657718318e-9
2,7085.0,7085.0,91.862,2.9163069504636286e-9
2,7090.0,7090.0,91.834,1.1343022473403804e-9
2,7095.0,7095.0,91.807,1.0942350943357226e-9
2,7100.0,7100.0,91.785,8.919892263358861e-10
2,7105.0,7105.0,91.761,9.73520440904283e-10
2,7110.0,7110.0,91.726,1.4202597243653698e-9
2,7115.0,7115.0,91.684,1.7047944862661524e-9
2,7120.0,7120.0,91.643,1.6646200004113515e-9
2,7125.0,7125.0,91.606,1.502633381140867e-9
2,7130.0,7130.0,91.571,1.4218485605275502e-9
2,7135.0,7135.0,91.537,1.3816722653173103e-9
2,7141.0,7141.0,91.503,1.3823206111514746e-9
2,7146.0,7146.0,91.464,1.5860804518869374e-9
2,7151.0,7151.0,91.417,1.9118686424894667e-9
2,7156.0,7156.0,91.362,2.2376087143780076e-9
2,7161.0,7161.0,91.303,2.4005228981433886e-9
2,7166.0,7166.0,91.239,2.604020559169966e-9
2,7171.0,7171.0,91.18,2.400637750564671e-9
2,7176.0,7176.0,91.119,2.482112020453545e-9
2,7181.0,7181.0,91.062,2.319464289019664e-9
2,7186.0,7186.0,90.994,2.7671069712094774e-9
2,7191.0,7191.0,90.941,2.156781947947544e-9
2,7196.0,7196.0,90.885,2.2790822190222596e-9
2,7201.0,7201.0,90.822,2.564069808591753e-9
2,7206.0,7206.0,90.75,2.9302215495973913e-9
2,7211.0,7211.0,90.689,2.482451661228673e-9
2,7216.0,7216.0,90.636,2.1570236493112303e-9
2,7221.0,7221.0,90.596,1.6282348497981633e-9
2,7241.0,7241.0,90.56,1.4688538887072413e-9
2,7286.0,7286.0,90.557,1.2313867154760115e-10
2,9041.0,9041.0,90.519,1.9350214542523377e-9
2,9046.0,9046.0,90.455,3.2589490389815497e-9
2,9051.0,9051.0,90.391,3.2584440831816056e-9
2,9056.0,9056.0,90.343,2.443668767313896e-9
2,9061.0,9061.0,90.289,2.7490928430778703e-9
2,9066.0,9066.0,90.234,2.79985649756229e-9
2,9071.0,9071.0,90.174,3.0541266012145967e-9
2,9076.0,9076.0,90.108,3.359043410978129e-9
2,9081.0,9081.0,90.036,3.663623198010127e-9
2,9086.0,9086.0,89.971,3.3067419847775287e-9
2,9091.0,9091.0,89.908,3.204479503963285e-9
2,9096.0,9096.0,89.843,3.3056734513692665e-9
2,9101.0,9101.0,89.779,3.2542689500635476e-9
2,9106.0,9106.0,89.713,3.3553784015036774e-9
2,9111.0,9111.0,89.641,3.6596068880394702e-9
2,9116.0,9116.0,89.574,3.404695699677047e-9
2,9121.0,9121.0,89.507,3.4040160230041467e-9
2,9126.0,9126.0,89.436,3.606437030078919e-9
2,9131.0,9131.0,89.364,3.6563114297561254e-9
2,9136.0,9136.0,89.295,3.5031191323925015e-9
2,9141.0,9141.0,89.203,4.669170329044053e-9
2,9146.0,9146.0,89.127,3.855618232508646e-9
2,9151.0,9151.0,89.056,3.6009575125307543e-9
2,9156.0,9156.0,88.98,3.853470431986532e-9
2,9161.0,9161.0,88.904,3.852283038452518e-9
2,9166.0,9166.0,88.83,3.74978971956056e-9
2,9171.0,9171.0,88.75,4.052523654491896e-9
2,9176.0,9176.0,88.67,4.051079753392505e-9
2,9181.0,9181.0,88.594,3.847237091083993e-9
2,9186.0,9186.0,88.511,4.20010533398621e-9
2,9192.0,9192.0,88.435,3.844936607712817e-9
2,9197.0,9197.0,88.375,3.0347930961987335e-9
2,9202.0,9202.0,88.316,2.98382601193516e-9
2,9207.0,9207.0,88.249,3.387836096615864e-9
2,9212.0,9212.0,88.186,3.184960473387422e-9
2,9217.0,9217.0,88.121,3.285468639997546e-9
2,9222.0,9222.0,88.051,3.5374056815236686e-9
2,9227.0,9227.0,87.958,4.697893541591654e-9
2,9232.0,9232.0,87.87,4.443153635050124e-9
2,9237.0,9237.0,87.797,3.6844173159826406e-9
2,9242.0,9242.0,87.719,3.9355198394835016e-9
2,9247.0,9247.0,87.641,3.9341491755673754e-9
2,9252.0,9252.0,87.584,2.874295234458725e-9
2,10046.0,10046.0,87.575,4.925983658409849e-10
2,10051.0,10051.0,87.517,3.1748879056903394e-9
2,10056.0,10056.0,87.462,3.010223284815149e-9
2,10061.0,10061.0,87.389,3.994449693453375e-9
2,10066.0,10066.0,87.325,3.5009784157599657e-9
2,10071.0,10071.0,87.264,3.336138981943713e-9
2,10076.0,10076.0,87.212,2.843492093493962e-9
2,10081.0,10081.0,87.16,2.8432073528933853e-9
2,10086.0,10086.0,87.107,2.897575859282428e-9
2,10091.0,10091.0,87.042,3.552985001846351e-9
2,10096.0,10096.0,87.002,2.1862167411397567e-9
2,10338.0,10338.0,86.969,1.8460869571121827e-9
2,10343.0,10343.0,86.935,1.9022160404343193e-9
2,10348.0,10348.0,86.911,1.3429417966449e-9
2,10353.0,10353.0,86.882,1.6230104583966276e-9
2,10358.0,10358.0,86.848,1.9030687147223853e-9
2,10363.0,10363.0,86.81,2.127103960277203e-9
2,10368.0,10368.0,86.76,2.7987524240207327e-9
2,10373.0,10373.0,86.691,3.8614916766893325e-9
2,10378.0,10378.0,86.635,3.1332152689284304e-9
2,10383.0,10383.0,86.599,2.0141105977421406e-9
2,10388.0,10388.0,86.554,2.5176728787446683e-9
2,10393.0,10393.0,86.514,2.237909500357151e-9
2,10398.0,10398.0,86.479,1.9582638824849702e-9
2,10403.0,10403.0,86.449,1.678688047816728e-9
2,10408.0,10408.0,86.414,1.9586741881235466e-9
2,10413.0,10413.0,86.376,2.1266836687509047e-9
2,10418.0,10418.0,86.333,2.406537340289848e-9
2,10423.0,10423.0,86.278,3.077859012760426e-9
2,10428.0,10428.0,86.233,2.5179966927142076e-9
2,10433.0,10433.0,86.192,2.2941305336180168e-9
2,10439.0,10439.0,86.158,1.9027158185593713e-9
2,10444.0,10444.0,86.129,1.6230884834206403e-9
2,10449.0,10449.0,86.088,2.294877098120277e-9
2,10454.0,10454.0,86.04,2.686581885419901e-9
2,10459.0,10459.0,85.989,2.8542159602537727e-9
2,10464.0,10464.0,85.952,2.070635853762064e-9
2,10469.0,10469.0,85.913,2.182639827243542e-9
2,10474.0,10474.0,85.879,1.9029143833279466e-9
2,10479.0,10479.0,85.849,1.6792178166380465e-9
2,10484.0,10484.0,85.81,2.18314722341752e-9
2,10489.0,10489.0,85.768,2.3510929725555764e-9
2,10494.0,10494.0,85.724,2.4629887492879183e-9
2,10499.0,10499.0,85.689,1.9592261210054547e-9
2,10504.0,10504.0,85.663,1.4556000615759657e-9
2,10509.0,10509.0,85.63,1.8477353768699773e-9
2,10514.0,10514.0,85.609,1.1760201872891997e-9
2,10519.0,10519.0,85.575,1.9043263148554825e-9
2,10524.0,10524.0,85.545,1.6804581143945323e-9
2,10529.0,10529.0,85.527,1.0084709441651869e-9
2,10534.0,10534.0,85.518,5.043953024610746e-10
2,10549.0,10549.0,85.507,6.172888081407195e-10
2,10554.0,10554.0,85.464,2.413419534778425e-9
2,10559.0,10559.0,85.431,1.8522129341856782e-9
2,10564.0,10564.0,85.37,3.4235246798791828e-9
2,10569.0,10569.0,85.297,4.0957282996270095e-9
2,10574.0,10574.0,85.237,3.3653199629098423e-9
2,10579.0,10579.0,85.184,2.9721342503752776e-9
2,10584.0,10584.0,85.137,2.6353646358855915e-9
2,10589.0,10589.0,85.124,7.290180928822497e-10
2,10614.0,10614.0,85.113,6.182306783633363e-10
2,10619.0,10619.0,85.041,4.046533187876481e-9
2,10624.0,10624.0,84.989,2.9217414840508712e-9
2,10629.0,10629.0,84.943,2.5843434775564774e-9
2,10634.0,10634.0,84.884,3.3142115910349946e-9
2,10639.0,10639.0,84.836,2.695875896524901e-9
2,10644.0,10644.0,84.788,2.6956172693673775e-9
2,10650.0,10650.0,84.747,2.3025955526479843e-9
2,10655.0,10655.0,84.706,2.3025623504935616e-9
2,10660.0,10660.0,84.657,2.7516719012443787e-9
2,10665.0,10665.0,84.605,2.9197690321868746e-9
2,10670.0,10670.0,84.553,2.9193430470238576e-9
2,10675.0,10675.0,84.512,2.3016022617693196e-9
2,10680.0,10680.0,84.465,2.638283931880042e-9
2,10685.0,10685.0,84.421,2.469708401386654e-9
2,10690.0,10690.0,84.378,2.4134641751261357e-9
2,10695.0,10695.0,84.334,2.469472905860175e-9
2,10700.0,10700.0,84.29,2.4693387280173436e-9
2,10705.0,10705.0,84.252,2.132569716926876e-9
2,10710.0,10710.0,84.211,2.3009261735743334e-9
2,10715.0,10715.0,84.169,2.3569848844483007e-9
2,10720.0,10720.0,84.137,1.7958464010022187e-9
2,10725.0,10725.0,84.11,1.5154207184297333e-9
2,10730.0,10730.0,84.072,2.132984294783488e-9
2,10735.0,10735.0,84.032,2.245251080269257e-9
2,10740.0,10740.0,84.019,7.298163039525764e-10
2,10770.0,10770.0,84.009,5.628882561290535e-10
2,10775.0,10775.0,83.941,3.827639485990205e-9
2,10780.0,10780.0,83.861,4.501224841931246e-9
2,10785.0,10785.0,83.803,3.2622165931913507e-9
2,10790.0,10790.0,83.775,1.5747851302432857e-9
2,10795.0,10795.0,83.749,1.4625066693309298e-9
2,10800.0,10800.0,83.717,1.8002184457415106e-9
2,10805.0,10805.0,83.676,2.3065918180265715e-9
2,10810.0,10810.0,83.67,3.3761140306383585e-10
2,10921.0,10921.0,83.643,1.534548729751559e-9
2,10926.0,10926.0,83.585,3.296271776245172e-9
2,10931.0,10931.0,83.526,3.352291457825389e-9
2,10936.0,10936.0,83.452,4.203144323337522e-9
2,10941.0,10941.0,83.362,5.109246430897084e-9
2,10946.0,10946.0,83.279,4.709125077032185e-9
2,10951.0,10951.0,83.214,3.68627678182615e-9
2,10956.0,10956.0,83.131,4.705054883356181e-9
2,10961.0,10961.0,83.057,4.19282161120805e-9
2,10966.0,10966.0,82.982,4.2476081012861825e-9
2,10971.0,10971.0,82.921,3.4534654528962855e-9
2,10976.0,10976.0,82.865,3.169602531172311e-9
2,10981.0,10981.0,82.804,3.451737841504798e-9
2,10986.0,10986.0,82.758,2.6024531311949905e-9
2,10991.0,10991.0,82.705,2.998049493174819e-9
2,10996.0,10996.0,82.65,3.110567132120894e-9
2,11001.0,11001.0,82.596,3.05338597557936e-9
2,11006.0,11006.0,82.535,3.44836144543698e-9
2,11011.0,11011.0,82.468,3.7863279918151226e-9
2,11016.0,11016.0,82.389,4.462551461922346e-9
2,11021.0,11021.0,82.317,4.065254557807763e-9
2,11026.0,11026.0,82.252,3.6686324345301058e-9
2,11031.0,11031.0,82.187,3.667396740723169e-9
2,11036.0,11036.0,82.109,4.399042025976328e-9
2,11041.0,11041.0,82.033,4.2841685563252786e-9
2,11047.0,11047.0,81.97,3.550271141256872e-9
2,11052.0,11052.0,81.922,2.7043611916275536e-9
2,11057.0,11057.0,81.866,3.154512428428619e-9
2,11062.0,11062.0,81.79,4.279608140795006e-9
2,11067.0,11067.0,81.715,4.221307969890675e-9
2,11072.0,11072.0,81.65,3.6569858275705573e-9
2,11077.0,11077.0,81.58,3.936814963602778e-9
2,11082.0,11082.0,81.514,3.7104355473743907e-9
2,11087.0,11087.0,81.473,2.304494610031963e-9
2,11092.0,11092.0,81.455,1.0118192061408913e-9
2,11097.0,11097.0,81.4,3.0916775958677004e-9
2,11102.0,11102.0,81.324,4.270623180166806e-9
2,11107.0,11107.0,81.246,4.380832079737852e-9
2,11112.0,11112.0,81.18,3.705241707017837e-9
2,11117.0,11117.0,81.133,2.6379319914701185e-9
2,11122.0,11122.0,81.075,3.2546776398166165e-9
2,11127.0,11127.0,81.013,3.4781272542803e-9
2,11132.0,11132.0,80.939,4.1496938717053805e-9
2,11137.0,11137.0,80.886,2.971081268901124e-9
2,11142.0,11142.0,80.807,4.426967061853737e-9
2,11147.0,11147.0,80.744,3.528848613238415e-9
2,11152.0,11152.0,80.68,3.583650647629227e-9
2,11157.0,11157.0,80.62,3.3585968572035237e-9
2,11162.0,11162.0,80.563,3.189781500861403e-9
2,11167.0,11167.0,80.511,2.909310872400575e-9
2,11172.0,11172.0,80.443,3.803351291558666e-9
2,11178.0,11178.0,80.378,3.634503124949164e-9
2,11183.0,11183.0,80.313,3.6331895918438695e-9
2,11188.0,11188.0,80.27,2.4029531681631496e-9
2,11193.0,11193.0,80.218,2.9054756408061138e-9
2,11198.0,11198.0,80.16,3.2399482717240724e-9
2,11203.0,11203.0,80.104,3.127398095826068e-9
2,11208.0,11208.0,80.052,2.903350751695092e-9
2,11213.0,11213.0,79.995,3.181771900980326e-9
2,11218.0,11218.0,79.952,2.3998539729683763e-9
2,11223.0,11223.0,79.922,1.674298488068882e-9
2,11228.0,11228.0,79.889,1.8418227766447996e-9
2,11233.0,11233.0,79.845,2.4556735304123775e-9
2,11238.0,11238.0,79.783,3.459510204747754e-9
2,11243.0,11243.0,79.718,3.6256326899252603e-9
2,11248.0,11248.0,79.649,3.847225318609171e-9
2,11253.0,11253.0,79.586,3.511334688805006e-9
2,11258.0,11258.0,79.519,3.732885779017014e-9
2,11263.0,11263.0,79.452,3.7313983862330205e-9
2,11268.0,11268.0,79.378,4.119418550297663e-9
2,11273.0,11273.0,79.327,2.8380831740281562e-9
2,11278.0,11278.0,79.274,2.9487551170187404e-9
2,11283.0,11283.0,79.226,2.6700532236093685e-9
3,11300.0,11300.0,79.198,1.5591298118609305e-9
3,11305.0,11305.0,79.111,4.84306448050259e-9
3,11310.0,11310.0,78.989,6.78545745712081e-9
3,11315.0,11315.0,78.862,7.0555430027594434e-9
3,11320.0,11320.0,78.749,6.270991632214512e-9
3,11325.0,11325.0,78.64,6.043157469858453e-9
3,11330.0,11330.0,78.524,6.424891516514425e-9
3,11336.0,11336.0,78.415,6.0317320795720515e-9
3,11341.0,11341.0,78.314,5.584019333118651e-9
3,11346.0,11346.0,78.203,6.131293408986592e-9
3,11351.0,11351.0,78.089,6.290722823665534e-9
3,11356.0,11356.0,77.968,6.669892501650934e-9
3,11361.0,11361.0,77.844,6.8275356047449355e-9
3,11366.0,11366.0,77.732,6.160175738652778e-9
3,11371.0,11371.0,77.622,6.044196998991362e-9
3,11376.0,11376.0,77.514,5.928580957800449e-9
3,11381.0,11381.0,77.42,5.155607380636085e-9
3,11386.0,11386.0,77.412,4.3867887049033407e-10
3,11411.0,11411.0,77.318,5.162391189611615e-9
3,11416.0,11416.0,77.216,5.59709920305668e-9
3,11421.0,11421.0,77.107,5.975663218671581e-9
3,11426.0,11426.0,76.996,6.079293602307555e-9
3,11431.0,11431.0,76.877,6.51056132004315e-9
3,11436.0,11436.0,76.757,6.5579417847126596e-9
3,11441.0,11441.0,76.635,6.659649193755459e-9
3,11446.0,11446.0,76.516,6.48851579610996e-9
3,11451.0,11451.0,76.402,6.2091435675218234e-9
3,11456.0,11456.0,76.293,5.930743555657483e-9
3,11461.0,11461.0,76.153,7.608366209454972e-9
3,11466.0,11466.0,76.031,6.621640361849008e-9
3,11471.0,11471.0,75.91,6.5597374432664615e-9
3,11476.0,11476.0,75.791,6.4439293610947795e-9
3,11481.0,11481.0,75.67,6.544714913743071e-9
3,11486.0,11486.0,75.555,6.213196256142238e-9
3,11491.0,11491.0,75.464,4.91196918431804e-9
3,11496.0,11496.0,75.369,5.1237927621429405e-9
3,11501.0,11501.0,75.282,4.6886919610227856e-9
3,11506.0,11506.0,75.189,5.0082379164820855e-9
3,11511.0,11511.0,75.102,4.681554753669944e-9
3,11516.0,11516.0,75.021,4.355707784055442e-9
3,11521.0,11521.0,74.924,5.212171843804887e-9
3,11526.0,11526.0,74.82,5.583238896157506e-9
3,11532.0,11532.0,74.705,6.167953793075727e-9
3,11537.0,11537.0,74.585,6.428796566521922e-9
3,11542.0,11542.0,74.496,4.763412590675352e-9
3,11547.0,11547.0,74.473,1.2306023233140287e-9
3,11562.0,11562.0,74.455,9.640657493324769e-10
3,11567.0,11567.0,74.343,5.995986944230325e-9
3,11572.0,11572.0,74.258,4.546465596421793e-9
3,11577.0,11577.0,74.172,4.5966453599923095e-9
3,11582.0,11582.0,74.078,5.020314708723281e-9
3,11587.0,11587.0,73.969,5.815967120492621e-9
3,11592.0,11592.0,73.86,5.809909077203329e-9
3,11597.0,11597.0,73.75,5.857050235565256e-9
3,11602.0,11602.0,73.636,6.063435628339109e-9
3,11607.0,11607.0,73.532,5.52575388933338e-9
3,11612.0,11612.0,73.465,3.557256059015028e-9
3,11617.0,11617.0,73.461,2.1236232054606362e-10
3,11667.0,11667.0,73.392,3.6771888788575343e-9
3,11672.0,11672.0,73.298,5.0060878598180625e-9
3,11677.0,11677.0,73.193,5.586712844882282e-9
3,11682.0,11682.0,73.081,5.9528808323875725e-9
3,11687.0,11687.0,72.969,5.946308737844657e-9
3,11692.0,11692.0,72.865,5.515765071805824e-9
3,11697.0,11697.0,72.766,5.245517528232552e-9
3,11702.0,11702.0,72.662,5.505113673231125e-9
3,11707.0,11707.0,72.58,4.336871134201303e-9
3,11712.0,11712.0,72.575,2.6439783494983735e-10
3,11727.0,11727.0,72.56,7.940999485341448e-10
3,11732.0,11732.0,72.459,5.344944014446213e-9
3,11737.0,11737.0,72.347,5.92088342961716e-9
3,11742.0,11742.0,72.241,5.59764069358935e-9
3,11748.0,11748.0,72.208,1.7418760336192403e-9
3,11833.0,11833.0,72.174,1.80680657123012e-9
3,11848.0,11848.0,72.159,7.978601413956502e-10
3,11853.0,11853.0,72.049,5.848374161303514e-9
3,11858.0,11858.0,71.954,5.045816092431861e-9
3,11863.0,11863.0,71.947,3.716902840077069e-10
3,11878.0,11878.0,71.92,1.4351361331796903e-9
3,11883.0,11883.0,71.815,5.5783114197029e-9
3,11888.0,11888.0,71.755,3.1852870326509754e-9
3,11913.0,11913.0,71.705,2.6579499514490144e-9
3,11918.0,11918.0,71.63,3.9851229202003685e-9
3,11923.0,11923.0,71.614,8.499762540771072e-10
3,11944.0,11944.0,71.557,3.0318278300720833e-9
3,11949.0,11949.0,71.452,5.580961883737828e-9
3,11954.0,11954.0,71.395,3.0274993429288626e-9
3,11984.0,11984.0,71.323,3.830344836730875e-9
3,11989.0,11989.0,71.242,4.306314299015857e-9
3,11994.0,11994.0,71.23,6.37822209783184e-10
3,12014.0,12014.0,71.219,5.855507532528751e-10
3,12019.0,12019.0,71.118,5.374429167253401e-9
3,12024.0,12024.0,71.081,1.967759692801978e-9
3,12049.0,12049.0,71.02,3.2486490703286444e-9
3,12054.0,12054.0,70.924,5.109098622886904e-9
3,12059.0,12059.0,70.866,3.0846771587733535e-9
3,12064.0,12064.0,70.855,5.849827344017672e-10
3,12089.0,12089.0,70.769,4.579842169224644e-9
3,12094.0,12094.0,70.682,4.629350519220167e-9
3,12099.0,12099.0,70.647,1.8615454047771397e-9
3,12124.0,12124.0,70.599,2.556749320438954e-9
3,12129.0,12129.0,70.498,5.376367859101711e-9
3,12134.0,12134.0,70.418,4.254799611696494e-9
3,12139.0,12139.0,70.353,3.454890523014123e-9
3,12144.0,12144.0,70.304,2.6034186719353307e-9
3,12149.0,12149.0,70.253,2.708869065584778e-9
3,12154.0,12154.0,70.2,2.814174010695702e-9
3,12159.0,12159.0,70.139,3.2376574482338575e-9
3,12165.0,12165.0,70.059,4.243935207724785e-9
3,12170.0,12170.0,69.968,4.823569954827519e-9
3,12175.0,12175.0,69.916,2.754642111387316e-9
3,12180.0,12180.0,69.906,5.29721529861684e-10
3,12210.0,12210.0,69.838,3.60896419423983e-9
3,12215.0,12215.0,69.732,5.6210343786489e-9
3,12220.0,12220.0,69.648,4.450161565465154e-9
3,12225.0,12225.0,69.578,3.7058862104364534e-9
3,12230.0,12230.0,69.524,2.8574485377908558e-9
3,12235.0,12235.0,69.43,4.970816220197278e-9
3,12240.0,12240.0,69.395,1.8498732430444969e-9
3,12255.0,12255.0,69.34,2.9086192226904927e-9
3,12260.0,12260.0,69.257,4.38679377806835e-9
3,12265.0,12265.0,69.254,1.58525049840096e-10
3,12280.0,12280.0,69.172,4.335654982708394e-9
3,12285.0,12285.0,69.099,3.857038297363415e-9
3,12305.0,12305.0,69.024,3.964913439403166e-9
3,12310.0,12310.0,68.958,3.4869783463710228e-9
3,12325.0,12325.0,68.936,1.1630002414168728e-9
3,12330.0,12330.0,68.836,5.283830360812117e-9
3,12335.0,12335.0,68.774,3.2734496447016604e-9
3,12350.0,12350.0,68.759,7.924830085749416e-10
3,12355.0,12355.0,68.662,5.12262323407221e-9
3,12361.0,12361.0,68.596,3.4830526139101077e-9
3,12376.0,12376.0,68.562,1.7951683711643836e-9
3,12381.0,12381.0,68.47,4.855012738118936e-9
3,12386.0,12386.0,68.458,6.330374640389345e-10
3,12396.0,12396.0,68.447,5.806552923113943e-10
3,12401.0,12401.0,68.345,5.381984032784242e-9
3,12406.0,12406.0,68.282,3.3214956275345364e-9
3,12426.0,12426.0,68.206,4.009260155289049e-9
3,12431.0,12431.0,68.116,4.743941789329724e-9
3,12436.0,12436.0,68.016,5.265817031446074e-9
3,12441.0,12441.0,67.905,5.838343676749726e-9
3,12446.0,12446.0,67.792,5.9361287637341155e-9
3,12451.0,12451.0,67.684,5.666503748573968e-9
3,12456.0,12456.0,67.575,5.712103870478603e-9
3,12461.0,12461.0,67.47,5.495984898083332e-9
3,12466.0,12466.0,67.374,5.019434702687136e-9
3,12481.0,12481.0,67.292,4.286926350565919e-9
3,12486.0,12486.0,67.171,6.318824943837879e-9
3,12491.0,12491.0,67.049,6.3620796202167465e-9
3,12496.0,12496.0,66.923,6.561156982640354e-9
3,12501.0,12501.0,66.807,6.031931701026876e-9
3,12506.0,12506.0,66.678,6.6983128365899285e-9
3,12511.0,12511.0,66.564,5.911025661927709e-9
3,12516.0,12516.0,66.456,5.592823061060131e-9
3,12521.0,12521.0,66.347,5.63765149859486e-9
3,12526.0,12526.0,66.237,5.682259145183835e-9
3,12532.0,12532.0,66.143,4.850599782599419e-9
3,12537.0,12537.0,66.043,5.154706153165021e-9
3,12542.0,12542.0,65.926,6.0235068757216616e-9
3,12547.0,12547.0,65.822,5.34739289681378e-9
3,12552.0,12552.0,65.718,5.3410781653360904e-9
3,12557.0,12557.0,65.611,5.488518541573536e-9
3,12562.0,12562.0,65.507,5.3281846973597205e-9
3,12567.0,12567.0,65.403,5.321849683184859e-9
3,12572.0,12572.0,65.294,5.5708480860955715e-9
3,12577.0,12577.0,65.177,5.971751676260117e-9
3,12582.0,12582.0,65.068,5.555997802233981e-9
3,12587.0,12587.0,64.947,6.159222444824976e-9
3,12592.0,12592.0,64.839,5.489984832552467e-9
3,12597.0,12597.0,64.739,5.077187804663431e-9
3,12602.0,12602.0,64.626,5.730064861788598e-9
3,12607.0,12607.0,64.515,5.621130954030175e-9
3,12612.0,12612.0,64.407,5.462099135365075e-9
3,12617.0,12617.0,64.295,5.656974849851396e-9
3,12622.0,12622.0,64.202,4.691686008031713e-9
3,12627.0,12627.0,64.105,4.888178897317079e-9
3,12632.0,12632.0,64.009,4.832421050339986e-9
3,12637.0,12637.0,63.902,5.379730051341345e-9
3,12642.0,12642.0,63.794,5.423025684566123e-9
3,12647.0,12647.0,63.693,5.0652352464616265e-9
3,12652.0,12652.0,63.596,4.858996861406936e-9
3,12657.0,12657.0,63.483,5.653375580322566e-9
3,12662.0,12662.0,63.366,5.845209011883566e-9
3,12667.0,12667.0,63.247,5.936409583754319e-9
3,12672.0,12672.0,63.126,6.027117474826589e-9
3,12677.0,12677.0,63.004,6.0676363318149115e-9
3,12682.0,12682.0,62.885,5.909453510094006e-9
3,12687.0,12687.0,62.778,5.306094343154048e-9
3,12692.0,12692.0,62.676,5.051723530814264e-9
3,12697.0,12697.0,62.573,5.094920805524019e-9
3,12702.0,12702.0,62.472,4.989817243321606e-9
3,12707.0,12707.0,62.367,5.180926564677652e-9
3,12712.0,12712.0,62.259,5.321954070769454e-9
3,12717.0,12717.0,62.146,5.560652769416108e-9
3,12722.0,12722.0,62.053,4.570684720505497e-9
3,12727.0,12727.0,61.951,5.00710543783326e-9
3,12732.0,12732.0,61.852,4.853866413002626e-9
3,12737.0,12737.0,61.756,4.701211477594102e-9
3,12742.0,12742.0,61.656,4.891249512752377e-9
3,12747.0,12747.0,61.54,5.666141404198167e-9
3,12752.0,12752.0,61.423,5.706416181906114e-9
3,12757.0,12757.0,61.321,4.967911215778448e-9
3,12762.0,12762.0,61.217,5.058802141364751e-9
3,12767.0,12767.0,61.106,5.391936727744753e-9
3,12772.0,12772.0,60.994,5.432721258734728e-9
3,12777.0,12777.0,60.887,5.182908093303462e-9
3,12782.0,12782.0,60.789,4.740832807067697e-9
3,12788.0,12788.0,60.703,4.155981318711944e-9
3,12793.0,12793.0,60.604,4.77879370978023e-9
3,12798.0,12798.0,60.49,5.495337988753824e-9
3,12803.0,12803.0,60.392,4.717634430870069e-9
3,12808.0,12808.0,60.303,4.279425114026319e-9
3,12813.0,12813.0,60.192,5.330496436525905e-9
3,12818.0,12818.0,60.08,5.370659874239322e-9
3,12823.0,12823.0,59.968,5.3627483811432796e-9
3,12828.0,12828.0,59.855,5.4025949703616046e-9
3,12833.0,12833.0,59.739,5.53758495032864e-9
3,12838.0,12838.0,59.622,5.5766130169440115e-9
3,12843.0,12843.0,59.504,5.615389370833634e-9
3,12848.0,12848.0,59.417,4.13464435675129e-9
3,12853.0,12853.0,59.329,4.177639831719214e-9
3,12858.0,12858.0,59.226,4.883771626508658e-9
3,12863.0,12863.0,59.123,4.877181451070178e-9
3,12868.0,12868.0,59.013,5.201287089172707e-9
3,12873.0,12873.0,58.894,5.618121749026861e-9
3,12878.0,12878.0,58.774,5.656045116494067e-9
3,12883.0,12883.0,58.655,5.599692218889781e-9
3,12888.0,12888.0,58.539,5.449714118848724e-9
3,12893.0,12893.0,58.419,5.628465239381348e-9
3,12898.0,12898.0,58.296,5.759423111655681e-9
3,12903.0,12903.0,58.179,5.469329705177519e-9
3,12908.0,12908.0,58.063,5.413832887380351e-9
3,12913.0,12913.0,57.947,5.4051206622156054e-9
3,12918.0,12918.0,57.835,5.210497315891445e-9
3,12923.0,12923.0,57.724,5.156023932112923e-9
3,12928.0,12928.0,57.651,3.3868093026449497e-9
3,12933.0,12933.0,57.624,1.2520538241615931e-9
3,12938.0,12938.0,57.61,6.492330892381477e-10
3,12943.0,12943.0,57.606,1.8553786827104077e-10
3,12948.0,12948.0,57.533,3.3851103485574336e-9
3,12953.0,12953.0,57.409,5.742428900543964e-9
3,12958.0,12958.0,57.299,5.0856819287490265e-9
3,12963.0,12963.0,57.198,4.662789704275255e-9
3,12968.0,12968.0,57.099,4.564233500547567e-9
3,12973.0,12973.0,57.013,3.959998422275535e-9
3,12978.0,12978.0,56.93,3.817669588591118e-9
3,12983.0,12983.0,56.843,3.997222708114517e-9
3,12988.0,12988.0,56.774,3.1670835086445123e-9
3,12993.0,12993.0,56.744,1.376322629287453e-9
3,13019.0,13019.0,56.646,4.4999043695419764e-9
3,13024.0,13024.0,56.523,5.638996223282816e-9
3,13029.0,13029.0,56.412,5.080277617804849e-9
3,13034.0,13034.0,56.309,4.707004361414109e-9
3,13039.0,13039.0,56.237,3.286485136722063e-9
3,13044.0,13044.0,56.217,9.125160673615575e-10
3,13054.0,13054.0,56.154,2.8745060690643478e-9
3,13059.0,13059.0,56.058,4.375677284507291e-9
3,13064.0,13064.0,56.024,1.5485163211019203e-9
3,13079.0,13079.0,55.96,2.9156495103870987e-9
3,13084.0,13084.0,55.86,4.550769615990405e-9
3,13089.0,13089.0,55.831,1.3187044487713177e-9
3,13099.0,13099.0,55.826,2.2746727658216601e-10
3,13104.0,13104.0,55.718,4.9101943322635765e-9
3,13109.0,13109.0,55.616,4.630441206703642e-9
3,13114.0,13114.0,55.586,1.360798615302824e-9
3,13129.0,13129.0,55.53,2.5410961654437506e-9
3,13134.0,13134.0,55.419,5.031160932234815e-9
3,13139.0,13139.0,55.327,4.163926121366318e-9
3,13144.0,13144.0,55.282,2.034957561490596e-9
3,13159.0,13159.0,55.254,1.266804184479365e-9
3,13164.0,13164.0,55.204,2.2614129758725056e-9
3,13169.0,13169.0,55.131,3.299239046721715e-9
3,13174.0,13174.0,55.052,3.566844446246324e-9
3,13179.0,13179.0,54.985,3.0221834888429547e-9
3,13184.0,13184.0,54.914,3.199809402021453e-9
3,13189.0,13189.0,54.849,2.926887431978772e-9
3,13194.0,13194.0,54.779,3.149349340583194e-9
3,13199.0,13199.0,54.703,3.4160338850341457e-9
3,13204.0,13204.0,54.627,3.412583467292054e-9
3,13209.0,13209.0,54.554,3.2746485352797573e-9
3,13214.0,13214.0,54.479,3.3610761640523065e-9
3,13219.0,13219.0,54.423,2.507536778999884e-9
3,13224.0,13224.0,54.369,2.41645319491365e-9
3,13229.0,13229.0,54.307,2.7725358947689205e-9
3,13234.0,13234.0,54.239,3.0383562465205097e-9
3,13239.0,13239.0,54.158,3.6156159224129487e-9
3,13244.0,13244.0,54.07,3.923433569105705e-9
3,13249.0,13249.0,53.982,3.918532097944693e-9
3,13254.0,13254.0,53.895,3.8691886554095366e-9
3,13259.0,13259.0,53.818,3.4205381937806413e-9
3,13264.0,13264.0,53.749,3.0621572339432473e-9
3,13269.0,13269.0,53.679,3.103691529820376e-9
3,13274.0,13274.0,53.605,3.277882011367162e-9
3,13279.0,13279.0,53.525,3.539902409134292e-9
3,13285.0,13285.0,53.441,3.712884392291681e-9
3,13290.0,13290.0,53.363,3.4437524735499435e-9
3,13295.0,13295.0,53.284,3.48408628952741e-9
3,13300.0,13300.0,53.205,3.4802328932431013e-9
3,13305.0,13305.0,53.127,3.432403139925011e-9
3,13310.0,13310.0,53.055,3.1650915727254307e-9
3,13315.0,13315.0,52.996,2.5913899899791412e-9
3,13320.0,13320.0,52.931,2.852653878383904e-9
