leg,tickLead,tickRace,distance,area
0,-293.0,-293.0,184.389,0.0
1,151.0,151.0,184.296,0.0
1,161.0,161.0,184.237,0.0
1,171.0,171.0,184.228,0.0
1,181.0,181.0,184.117,0.0
1,211.0,211.0,184.062,0.0
1,231.0,231.0,183.961,0.0
1,241.0,241.0,183.906,0.0
1,251.0,251.0,183.897,0.0
1,261.0,261.0,183.737,0.0
1,282.0,282.0,183.653,0.0
1,302.0,302.0,183.639,0.0
1,312.0,312.0,183.477,0.0
1,332.0,332.0,183.34,0.0
1,342.0,342.0,183.317,0.0
1,362.0,362.0,183.248,0.0
1,372.0,372.0,183.11,0.0
1,392.0,392.0,182.958,0.0
1,412.0,412.0,182.907,0.0
1,422.0,422.0,182.784,0.0
1,442.0,442.0,182.665,0.0
1,462.0,462.0,182.611,0.0
1,472.0,472.0,182.395,0.0
1,482.0,482.0,182.128,0.0
1,492.0,492.0,181.857,0.0
1,502.0,502.0,181.585,0.0
1,512.0,512.0,181.309,0.0
1,522.0,522.0,181.054,0.0
1,532.0,532.0,180.8,0.0
1,542.0,542.0,180.563,0.0
1,552.0,552.0,180.321,0.0
1,563.0,563.0,180.051,0.0
1,573.0,573.0,179.804,0.0
1,583.0,583.0,179.552,0.0
1,593.0,593.0,179.304,0.0
1,603.0,603.0,179.061,0.0
1,613.0,613.0,178.821,0.0
1,623.0,623.0,178.571,0.0
1,633.0,633.0,178.324,0.0
1,643.0,643.0,178.102,0.0
1,653.0,653.0,177.907,0.0
1,663.0,663.0,177.709,0.0
1,683.0,683.0,177.669,0.0
1,703.0,703.0,177.536,0.0
1,713.0,713.0,177.486,0.0
1,723.0,723.0,177.359,0.0
1,733.0,733.0,177.32,0.0
1,743.0,743.0,177.067,0.0
1,753.0,753.0,176.798,0.0
1,763.0,763.0,176.552,0.0
1,773.0,773.0,176.283,0.0
1,783.0,783.0,176.001,0.0
1,793.0,793.0,175.713,0.0
1,803.0,803.0,175.43,0.0
1,813.0,813.0,175.153,0.0
1,823.0,823.0,174.893,0.0
1,833.0,833.0,174.637,0.0
1,844.0,844.0,174.356,0.0
1,854.0,854.0,174.108,0.0
1,864.0,864.0,173.857,0.0
1,874.0,874.0,173.614,0.0
1,884.0,884.0,173.364,0.0
1,894.0,894.0,173.103,0.0
1,904.0,904.0,172.866,0.0
1,914.0,914.0,172.631,0.0
1,924.0,924.0,172.388,0.0
1,934.0,934.0,172.134,0.0
1,944.0,944.0,171.872,0.0
1,954.0,954.0,171.622,0.0
1,964.0,964.0,171.391,0.0
1,974.0,974.0,171.125,0.0
1,984.0,984.0,170.844,0.0
1,994.0,994.0,170.588,0.0
1,1004.0,1004.0,170.345,0.0
1,1014.0,1014.0,170.102,0.0
1,1024.0,1024.0,169.864,0.0
1,1034.0,1034.0,169.638,0.0
1,1044.0,1044.0,169.424,0.0
1,1054.0,1054.0,169.196,0.0
1,1064.0,1064.0,168.969,0.0
1,1074.0,1074.0,168.742,0.0
1,1084.0,1084.0,168.517,0.0
1,1094.0,1094.0,168.3,0.0
1,1104.0,1104.0,168.093,0.0
1,1114.0,1114.0,167.949,0.0
1,1125.0,1125.0,167.901,0.0
1,1135.0,1135.0,167.892,0.0
1,1145.0,1145.0,167.786,0.0
1,1165.0,1165.0,167.694,0.0
1,1185.0,1185.0,167.633,0.0
1,1195.0,1195.0,167.586,0.0
1,1215.0,1215.0,167.471,0.0
1,1225.0,1225.0,167.381,0.0
1,1245.0,1245.0,167.303,0.0
1,1255.0,1255.0,167.071,0.0
1,1265.0,1265.0,166.99,0.0
1,1275.0,1275.0,166.989,0.0
1,1285.0,1285.0,166.768,0.0
1,1295.0,1295.0,166.622,0.0
1,1315.0,1315.0,166.462,0.0
1,1325.0,1325.0,166.273,0.0
1,1335.0,1335.0,166.066,0.0
1,1345.0,1345.0,165.838,0.0
1,1355.0,1355.0,165.591,0.0
1,1365.0,1365.0,165.348,0.0
1,1375.0,1375.0,165.122,0.0
1,1385.0,1385.0,164.913,0.0
1,1395.0,1395.0,164.774,0.0
1,1405.0,1405.0,164.677,0.0
1,1416.0,1416.0,164.494,0.0
1,1426.0,1426.0,164.281,0.0
1,1436.0,1436.0,164.046,0.0
1,1446.0,1446.0,163.797,0.0
1,1456.0,1456.0,163.562,0.0
1,1466.0,1466.0,163.326,0.0
1,1476.0,1476.0,163.101,0.0
1,1486.0,1486.0,162.869,0.0
1,1496.0,1496.0,162.633,0.0
1,1506.0,1506.0,162.399,0.0
1,1516.0,1516.0,162.163,0.0
1,1526.0,1526.0,161.925,0.0
1,1536.0,1536.0,161.693,0.0
1,1546.0,1546.0,161.478,0.0
1,1556.0,1556.0,161.264,0.0
1,1566.0,1566.0,161.021,0.0
1,1576.0,1576.0,160.792,0.0
1,1586.0,1586.0,160.537,0.0
1,1596.0,1596.0,160.295,0.0
2,1606.0,1606.0,160.046,2.06502736978503e-9
2,1616.0,1616.0,159.789,2.1412573385089394e-9
2,1626.0,1626.0,159.533,2.142682114312272e-9
2,1636.0,1636.0,159.298,1.975968878021503e-9
2,1646.0,1646.0,159.055,2.0526431223472477e-9
2,1656.0,1656.0,158.82,1.9941276945854495e-9
2,1666.0,1666.0,158.595,1.9180210031610387e-9
2,1676.0,1676.0,158.368,1.943913059218764e-9
2,1687.0,1687.0,158.116,2.1688812758004507e-9
2,1697.0,1697.0,157.89,1.9536825939938964e-9
2,1707.0,1707.0,157.672,1.8929672997873284e-9
2,1717.0,1717.0,157.45,1.9362899481933707e-9
2,1727.0,1727.0,157.226,1.9623314941305694e-9
2,1737.0,1737.0,157.004,1.9532994845285934e-9
2,1747.0,1747.0,156.785,1.935276986138945e-9
2,1757.0,1757.0,156.586,1.7662494455747297e-9
2,1767.0,1767.0,156.371,1.916584963372248e-9
2,1777.0,1777.0,156.133,2.1305334768761833e-9
2,1787.0,1787.0,155.899,2.103332545326645e-9
2,1797.0,1797.0,155.665,2.111930404312798e-9
2,1807.0,1807.0,155.445,1.9937155739251965e-9
2,1817.0,1817.0,155.216,2.083749663357125e-9
2,1827.0,1827.0,154.994,2.0282230437526427e-9
2,1837.0,1837.0,154.823,1.568840918721622e-9
2,1847.0,1847.0,154.699,1.1427428185614393e-9
2,1857.0,1857.0,154.578,1.1202457249085171e-9
2,1867.0,1867.0,154.429,1.385693887408037e-9
2,1877.0,1877.0,154.272,1.4664604629037622e-9
2,1887.0,1887.0,154.059,1.997731383298395e-9
2,1897.0,1897.0,153.829,2.1654907181071597e-9
2,1907.0,1907.0,153.586,2.296415229703185e-9
2,1917.0,1917.0,153.336,2.371147323193918e-9
2,1927.0,1927.0,153.102,2.2274532019238e-9
2,1937.0,1937.0,152.865,2.2642321472228263e-9
2,1947.0,1947.0,152.636,2.1957478549917258e-9
2,1957.0,1957.0,152.41,2.1748684667276735e-9
2,1968.0,1968.0,152.139,2.618303341190267e-9
2,1978.0,1978.0,151.89,2.41384312800946e-9
2,1988.0,1988.0,151.629,2.538698738586994e-9
2,1998.0,1998.0,151.368,2.54708076938248e-9
2,2008.0,2008.0,151.122,2.408675164043998e-9
2,2018.0,2018.0,150.866,2.5148912522319907e-9
2,2028.0,2028.0,150.607,2.5526104014349822e-9
2,2038.0,2038.0,150.371,2.3335619338852426e-9
2,2048.0,2048.0,150.16,2.0934860976969335e-9
2,2058.0,2058.0,149.967,1.9216582012125082e-9
2,2098.0,2098.0,149.852,1.1660867824339767e-9
2,2108.0,2108.0,149.668,1.872762281126621e-9
2,2118.0,2118.0,149.658,1.0219715242941017e-10
2,2208.0,2208.0,149.513,1.5440272526934196e-9
2,2218.0,2218.0,149.275,2.5425531909767146e-9
2,2228.0,2228.0,149.209,7.075360541726058e-10
2,2249.0,2249.0,149.177,3.4616748552516644e-10
2,2269.0,2269.0,149.041,1.4834593652922941e-9
2,2289.0,2289.0,149.001,4.39897658389454e-10
2,2299.0,2299.0,148.977,2.650347444273641e-10
2,2329.0,2329.0,148.938,4.3620924239787584e-10
2,2349.0,2349.0,148.87,7.668257474827964e-10
2,2369.0,2369.0,148.805,7.389059722924656e-10
2,2379.0,2379.0,148.666,1.5857045518083353e-9
2,2389.0,2389.0,148.663,3.435129165937797e-11
2,2399.0,2399.0,148.473,2.183270359354472e-9
2,2409.0,2409.0,148.455,2.0755292361833249e-10
2,2419.0,2419.0,148.293,1.8745933871124625e-9
2,2429.0,2429.0,148.264,3.367457238218213e-10
2,2469.0,2469.0,148.239,2.9502484280565724e-10
2,2489.0,2489.0,148.219,2.378956296872625e-10
2,2499.0,2499.0,148.068,1.8022880253189408e-9
2,2519.0,2519.0,147.965,1.238151863612836e-9
2,2540.0,2540.0,147.922,5.209504936411713e-10
2,2550.0,2550.0,147.886,4.3774479768082897e-10
2,2560.0,2560.0,147.883,3.661695869559561e-11
2,2570.0,2570.0,147.808,9.187574842521753e-10
2,2590.0,2590.0,147.741,8.267466773111089e-10
2,2610.0,2610.0,147.623,1.4663865639159978e-9
2,2630.0,2630.0,147.538,1.063658082145183e-9
2,2640.0,2640.0,147.503,4.394634286562949e-10
2,2700.0,2700.0,147.465,4.878548888155659e-10
2,2710.0,2710.0,147.409,7.213768417327264e-10
2,2720.0,2720.0,147.376,4.265369134415007e-10
2,2730.0,2730.0,147.312,8.299911649771315e-10
2,2740.0,2740.0,147.287,3.2530462430622173e-10
2,2750.0,2750.0,147.146,1.8403765364710102e-9
2,2770.0,2770.0,146.998,1.9438818984373035e-9
2,2780.0,2780.0,146.958,5.269331403693847e-10
2,2790.0,2790.0,146.878,1.0572254052210173e-9
2,2801.0,2801.0,146.786,1.2198882363676547e-9
2,2821.0,2821.0,146.653,1.7747654200986658e-9
2,2831.0,2831.0,146.652,1.3385288402003058e-11
2,2841.0,2841.0,146.509,1.9199143858472875e-9
2,2861.0,2861.0,146.443,8.917162023870288e-10
2,2881.0,2881.0,146.358,1.1558544164879666e-9
2,2891.0,2891.0,146.346,1.6369159945106942e-10
2,2901.0,2901.0,146.202,1.9700432080675133e-9
2,2911.0,2911.0,146.173,3.9787700055421277e-10
2,2921.0,2921.0,146.033,1.9262698142801216e-9
2,2951.0,2951.0,145.987,6.390105596762153e-10
2,2961.0,2961.0,145.856,1.8248508794572876e-9
2,2971.0,2971.0,145.844,1.676442738884293e-10
2,2981.0,2981.0,145.827,2.382717448719153e-10
2,2991.0,2991.0,145.814,1.8280023141392636e-10
2,3001.0,3001.0,145.759,7.757903754636807e-10
2,3011.0,3011.0,145.674,1.2023663276557634e-9
2,3021.0,3021.0,145.578,1.3616305027621072e-9
2,3041.0,3041.0,145.447,1.86890149248015e-9
2,3051.0,3051.0,145.417,4.291625645118756e-10
2,3071.0,3071.0,145.34,1.1083300745040476e-9
2,3092.0,3092.0,145.267,1.0573939316461055e-9
2,3112.0,3112.0,145.183,1.2239358402852316e-9
2,3132.0,3132.0,145.083,1.4655016735277942e-9
2,3142.0,3142.0,145.014,1.0138341273505345e-9
2,3152.0,3152.0,144.987,3.978486287964859e-10
2,3172.0,3172.0,144.828,2.3562401914480197e-9
2,3202.0,3202.0,144.777,7.623702780706077e-10
2,3212.0,3212.0,144.616,2.4124472821872522e-9
2,3232.0,3232.0,144.555,9.190186422334064e-10
2,3242.0,3242.0,144.317,3.5930545684915154e-9
2,3252.0,3252.0,144.101,3.265841069366301e-9
2,3262.0,3262.0,143.866,3.558466962590174e-9
2,3272.0,3272.0,143.629,3.593853207314229e-9
2,3282.0,3282.0,143.491,2.096281036384079e-9
2,3302.0,3302.0,143.38,1.6949429784320738e-9
2,3312.0,3312.0,143.315,9.949292542316198e-10
2,3322.0,3322.0,143.259,8.59395030211912e-10
2,3332.0,3332.0,143.141,1.815216417512351e-9
2,3342.0,3342.0,143.075,1.0176833898017978e-9
2,3362.0,3362.0,142.966,1.6897439176819617e-9
2,3373.0,3373.0,142.702,4.100626929438068e-9
2,3383.0,3383.0,142.464,3.7012216667963104e-9
2,3393.0,3393.0,142.197,4.157109736194959e-9
2,3403.0,3403.0,141.916,4.37953268709442e-9
2,3413.0,3413.0,141.659,4.009643394515355e-9
2,3423.0,3423.0,141.392,4.170145913393606e-9
2,3433.0,3433.0,141.116,4.315012252362599e-9
2,3443.0,3443.0,140.842,4.287858093999904e-9
2,3453.0,3453.0,140.563,4.370196737441803e-9
2,3463.0,3463.0,140.286,4.342837103457318e-9
2,3473.0,3473.0,140.011,4.315432459054968e-9
2,3483.0,3483.0,139.746,4.162446913205591e-9
2,3493.0,3493.0,139.493,3.977989001314797e-9
2,3503.0,3503.0,139.251,3.80916186996108e-9
2,3513.0,3513.0,139.045,3.246539801059083e-9
2,3523.0,3523.0,138.86,2.919773276285565e-9
2,3533.0,3533.0,138.712,2.3396419765376512e-9
2,3553.0,3553.0,138.603,1.7312646595317696e-9
2,3563.0,3563.0,138.498,1.6711352944604254e-9
2,3573.0,3573.0,138.449,7.816172912121917e-10
2,3583.0,3583.0,138.435,2.2389330197076322e-10
2,3593.0,3593.0,138.314,1.939532426953239e-9
2,3613.0,3613.0,138.224,1.4495516203310127e-9
2,3633.0,3633.0,138.139,1.3757281350896495e-9
2,3654.0,3654.0,138.105,5.532338070593965e-10
2,3664.0,3664.0,137.981,2.022040881722581e-9
2,3684.0,3684.0,137.975,9.83284312144309e-11
2,3694.0,3694.0,137.786,3.1035585125733806e-9
2,3704.0,3704.0,137.574,3.4855882993784962e-9
2,3714.0,3714.0,137.406,2.7657994498411626e-9
2,3734.0,3734.0,137.33,1.2568165007216701e-9
2,3764.0,3764.0,137.207,2.0489153069171727e-9
2,3774.0,3774.0,137.024,3.0530782127156166e-9
2,3784.0,3784.0,136.807,3.6246148977342136e-9
2,3794.0,3794.0,136.581,3.77879742480807e-9
2,3804.0,3804.0,136.354,3.799216072777386e-9
2,3814.0,3814.0,136.117,3.970248748486728e-9
2,3824.0,3824.0,135.885,3.8899709942680894e-9
2,3834.0,3834.0,135.671,3.5916472968222567e-9
2,3844.0,3844.0,135.472,3.343514796210432e-9
2,3854.0,3854.0,135.294,2.9942926136625964e-9
2,3864.0,3864.0,135.097,3.3179051993317033e-9
2,3874.0,3874.0,134.891,3.4732792009319724e-9
2,3884.0,3884.0,134.659,3.9153892079326925e-9
2,3894.0,3894.0,134.442,3.665552041951255e-9
2,3904.0,3904.0,134.206,3.990008499674317e-9
2,3914.0,3914.0,133.963,4.111535690932027e-9
2,3925.0,3925.0,133.687,4.673953506666867e-9
2,3935.0,3935.0,133.437,4.236098518261933e-9
2,3945.0,3945.0,133.208,3.8831514704438104e-9
2,3955.0,3955.0,132.963,4.157590443697888e-9
2,3965.0,3965.0,132.698,4.499717675501846e-9
2,3975.0,3975.0,132.441,4.366286884858046e-9
2,3985.0,3985.0,132.179,4.453697124192404e-9
2,3995.0,3995.0,131.913,4.5239944449145444e-9
2,4005.0,4005.0,131.656,4.37319023541052e-9
2,4015.0,4015.0,131.405,4.273504198308657e-9
2,4025.0,4025.0,131.138,4.548267369193897e-9
2,4035.0,4035.0,130.866,4.635416496037914e-9
2,4045.0,4045.0,130.592,4.671317868534937e-9
2,4055.0,4055.0,130.318,4.673051242331355e-9
2,4065.0,4065.0,130.046,4.6406496920547135e-9
2,4075.0,4075.0,129.78,4.540046011695163e-9
2,4085.0,4085.0,129.516,4.5077539447918755e-9
2,4095.0,4095.0,129.264,4.3048056847578245e-9
2,4105.0,4105.0,129.023,4.119088747909731e-9
2,4115.0,4115.0,128.785,4.070160952259635e-9
2,4125.0,4125.0,128.56,3.850264834663547e-9
2,4135.0,4135.0,128.354,3.5277589495738906e-9
2,4145.0,4145.0,128.15,3.4963688429808853e-9
2,4155.0,4155.0,127.947,3.4820896975328695e-9
2,4165.0,4165.0,127.704,4.170971019623253e-9
2,4175.0,4175.0,127.451,4.344596833109751e-9
2,4185.0,4185.0,127.218,4.003094693315362e-9
2,4196.0,4196.0,126.96,4.4356936160675896e-9
2,4206.0,4206.0,126.733,3.904559154688168e-9
2,4216.0,4216.0,126.517,3.7176817074781136e-9
2,4226.0,4226.0,126.275,4.1675093392139706e-9
2,4236.0,4236.0,126.031,4.203797168810191e-9
2,4246.0,4246.0,125.815,3.7233785765712804e-9
2,4256.0,4256.0,125.618,3.3982749944002818e-9
2,4266.0,4266.0,125.425,3.3319208289559396e-9
2,4276.0,4276.0,125.224,3.4727068793103806e-9
2,4286.0,4286.0,125.031,3.337034035081944e-9
2,4296.0,4296.0,124.841,3.2877884370576474e-9
2,4306.0,4306.0,124.683,2.7366032182605563e-9
2,4316.0,4316.0,124.539,2.4968859302706766e-9
2,4326.0,4326.0,124.402,2.378328878114803e-9
2,4336.0,4336.0,124.388,2.434549596839245e-10
2,4346.0,4346.0,124.312,1.3241814407679072e-9
2,4356.0,4356.0,124.192,2.093972134158259e-9
2,4366.0,4366.0,124.187,8.740514690636193e-11
2,4376.0,4376.0,124.037,2.6265201641461812e-9
2,4396.0,4396.0,123.927,1.93289115872601e-9
2,4406.0,4406.0,123.916,1.936342744053702e-10
2,4416.0,4416.0,123.778,2.4332797106743377e-9
2,4426.0,4426.0,123.748,5.298121153305908e-10
2,4436.0,4436.0,123.728,3.5393459801152766e-10
2,4446.0,4446.0,123.506,3.933679978485252e-9
2,4456.0,4456.0,123.295,3.7406144711815814e-9
2,4467.0,4467.0,123.054,4.275158255900764e-9
2,4477.0,4477.0,122.871,3.247949449334281e-9
2,4487.0,4487.0,122.696,3.108368648958091e-9
2,4507.0,4507.0,122.666,5.34791520939607e-10
2,4517.0,4517.0,122.607,1.0537079153281146e-9
2,4527.0,4527.0,122.535,1.2880392966053364e-9
2,4537.0,4537.0,122.411,2.221412510237084e-9
2,4557.0,4557.0,122.239,3.0911572083349935e-9
2,4577.0,4577.0,122.171,1.2262448411665612e-9
2,4587.0,4587.0,121.972,3.5924810877529904e-9
2,4607.0,4607.0,121.857,2.0824271017825963e-9
2,4627.0,4627.0,121.79,1.2175975559274442e-9
2,4637.0,4637.0,121.678,2.03828732527131e-9
2,4647.0,4647.0,121.631,8.566375380095385e-10
2,4657.0,4657.0,121.56,1.2962252656586213e-9
2,4677.0,4677.0,121.467,1.7040143252811479e-9
2,4697.0,4697.0,121.437,5.517532228681473e-10
2,4707.0,4707.0,121.428,1.6585174173296814e-10
2,4717.0,4717.0,121.255,3.192417857654352e-9
2,4737.0,4737.0,121.022,4.310621495562568e-9
2,4748.0,4748.0,120.721,5.569285865894277e-9
2,4758.0,4758.0,120.48,4.458502160637063e-9
2,4768.0,4768.0,120.251,4.2371334855921694e-9
2,4778.0,4778.0,120.012,4.4228207557532985e-9
2,4788.0,4788.0,119.746,4.922404313907157e-9
2,4798.0,4798.0,119.468,5.143515226642482e-9
2,4808.0,4808.0,119.2,4.957489967277763e-9
2,4818.0,4818.0,118.924,5.104432252150254e-9
2,4828.0,4828.0,118.65,5.066232671453477e-9
2,4838.0,4838.0,118.371,5.157334384509667e-9
2,4848.0,4848.0,118.077,5.432678235719774e-9
2,4858.0,4858.0,117.79,5.301209744728452e-9
2,4868.0,4868.0,117.503,5.299194627680678e-9
2,4878.0,4878.0,117.215,5.3155606385141125e-9
2,4888.0,4888.0,116.916,5.51606916087587e-9
2,4898.0,4898.0,116.618,5.4948211352627225e-9
2,4908.0,4908.0,116.312,5.639229953352231e-9
2,4918.0,4918.0,116.009,5.580691538743809e-9
2,4928.0,4928.0,115.723,5.264912275523679e-9
2,4938.0,4938.0,115.44,5.207439587377857e-9
2,4948.0,4948.0,115.158,5.186838582657443e-9
2,4958.0,4958.0,114.897,4.798959707194167e-9
2,4968.0,4968.0,114.625,4.999691504599399e-9
2,4978.0,4978.0,114.354,4.9795286410640845e-9
2,4988.0,4988.0,114.085,4.9410286523325784e-9
2,4998.0,4998.0,113.84,4.499069445390252e-9
2,5008.0,5008.0,113.598,4.443356008870737e-9
2,5019.0,5019.0,113.341,4.718759605051489e-9
2,5029.0,5029.0,113.1,4.424071522725388e-9
2,5039.0,5039.0,112.861,4.3867627245796805e-9
2,5049.0,5049.0,112.613,4.551158054506883e-9
2,5059.0,5059.0,112.376,4.348532377174094e-9
2,5069.0,5069.0,112.145,4.237987155602696e-9
2,5079.0,5079.0,111.904,4.420858987596957e-9
2,5089.0,5089.0,111.675,4.200174555973386e-9
2,5099.0,5099.0,111.436,4.383008297402583e-9
2,5109.0,5109.0,111.186,4.583659924704466e-9
2,5119.0,5119.0,110.939,4.527390140881939e-9
2,5129.0,5129.0,110.703,4.324791348434949e-9
2,5139.0,5139.0,110.465,4.360600121583803e-9
2,5149.0,5149.0,110.218,4.524359659381038e-9
2,5159.0,5159.0,109.961,4.705902698792465e-9
2,5169.0,5169.0,109.699,4.7954260693051624e-9
2,5179.0,5179.0,109.464,4.2998114024502354e-9
2,5189.0,5189.0,109.249,3.933372937615818e-9
2,5199.0,5199.0,109.125,2.2693988422599785e-9
2,5219.0,5219.0,108.909,3.962175128432419e-9
2,5229.0,5229.0,108.644,4.859571645528343e-9
2,5239.0,5239.0,108.36,5.20478596502201e-9
2,5249.0,5249.0,108.078,5.164491778587377e-9
2,5259.0,5259.0,107.794,5.197400970419742e-9
2,5269.0,5269.0,107.526,4.901350505361897e-9
2,5279.0,5279.0,107.259,4.880173571126827e-9
2,5289.0,5289.0,107.023,4.311611864617555e-9
3,5300.0,5300.0,106.795,4.165080280415386e-9
3,5301.0,5301.0,106.779,2.92007876175796e-10
3,5311.0,5311.0,106.59,3.4525328902615137e-9
3,5321.0,5321.0,106.356,4.274122843219997e-9
3,5331.0,5331.0,106.137,3.999132766958176e-9
3,5341.0,5341.0,105.908,4.1807528428335505e-9
3,5351.0,5351.0,105.693,3.924275814606525e-9
3,5361.0,5361.0,105.489,3.7230705879186895e-9
3,5371.0,5371.0,105.281,3.795733213120291e-9
3,5381.0,5381.0,105.05,4.214505798875755e-9
3,5391.0,5391.0,104.843,3.7757743286618606e-9
3,5401.0,5401.0,104.653,3.4655479370234652e-9
3,5411.0,5411.0,104.516,2.499561451767574e-9
3,5431.0,5431.0,104.467,8.965102085884833e-10
3,5441.0,5441.0,104.437,5.496865790343838e-10
3,5451.0,5451.0,104.355,1.5044310419309936e-9
3,5471.0,5471.0,104.305,9.201196791197262e-10
3,5491.0,5491.0,104.289,2.954211849104343e-10
3,5501.0,5501.0,104.27,3.513925736507048e-10
3,5511.0,5511.0,104.25,3.7049002540411075e-10
3,5521.0,5521.0,104.223,5.009561637689672e-10
3,5531.0,5531.0,104.207,2.9733926722246025e-10
3,5541.0,5541.0,104.153,1.0049967466854082e-9
3,5552.0,5552.0,104.131,4.101063037876325e-10
3,5562.0,5562.0,103.979,2.83619390140757e-9
3,5582.0,5582.0,103.826,2.8609195997701492e-9
3,5602.0,5602.0,103.747,1.4808444944264635e-9
3,5612.0,5612.0,103.718,5.442881733407332e-10
3,5622.0,5622.0,103.707,2.067821384694687e-10
3,5632.0,5632.0,103.494,4.0068445498084796e-9
3,5642.0,5642.0,103.288,3.874194594598767e-9
3,5652.0,5652.0,103.108,3.3848882222857587e-9
3,5662.0,5662.0,102.907,3.779489665810301e-9
3,5672.0,5672.0,102.727,3.3843248896974705e-9
3,5742.0,5742.0,102.561,3.1543017507835806e-9
3,5762.0,5762.0,102.547,2.6671797586678567e-10
3,5772.0,5772.0,102.445,1.945502548199583e-9
3,5792.0,5792.0,102.382,1.204827034660066e-9
3,5802.0,5802.0,102.234,2.8323533154848553e-9
3,5812.0,5812.0,102.213,4.0224813548724893e-10
3,5822.0,5822.0,102.147,1.2658447006223844e-9
3,5833.0,5833.0,101.972,3.358782287492846e-9
3,5843.0,5843.0,101.776,3.761436280568498e-9
3,5853.0,5853.0,101.528,4.7571245868518045e-9
3,5863.0,5863.0,101.307,4.2366585266387756e-9
3,5873.0,5873.0,101.121,3.564609223281767e-9
3,5883.0,5883.0,100.91,4.042664625727764e-9
3,5893.0,5893.0,100.684,4.328036149701873e-9
3,5903.0,5903.0,100.427,4.918244661082237e-9
3,5913.0,5913.0,100.156,5.181311341397022e-9
3,5923.0,5923.0,99.907,4.7563768181945e-9
3,5933.0,5933.0,99.673,4.466585185816334e-9
3,5943.0,5943.0,99.418,4.8636905551729456e-9
3,5953.0,5953.0,99.141,5.278051526782452e-9
3,5963.0,5963.0,98.877,5.025066380920837e-9
3,5973.0,5973.0,98.613,5.02007202944121e-9
3,5983.0,5983.0,98.355,4.9012040203700456e-9
3,5993.0,5993.0,98.093,4.9723487079567075e-9
3,6003.0,6003.0,97.829,5.0052280857474e-9
3,6013.0,6013.0,97.577,4.773072559585525e-9
3,6023.0,6023.0,97.335,4.579680747557047e-9
3,6033.0,6033.0,97.099,4.462579193486105e-9
3,6043.0,6043.0,96.867,4.383637021679903e-9
3,6053.0,6053.0,96.645,4.191794147942667e-9
3,6063.0,6063.0,96.406,4.5094743597325276e-9
3,6073.0,6073.0,96.161,4.618698648636243e-9
3,6083.0,6083.0,95.92,4.539287230058604e-9
3,6093.0,6093.0,95.699,4.159397422338338e-9
3,6103.0,6103.0,95.49,3.931162124542932e-9
3,6114.0,6114.0,95.231,4.8684656574005026e-9
3,6124.0,6124.0,94.992,4.4881204806274364e-9
3,6134.0,6134.0,94.785,3.8844191925308294e-9
3,6144.0,6144.0,94.676,2.0453419571326983e-9
3,6154.0,6154.0,94.659,3.1930499647711115e-10
3,6164.0,6164.0,94.526,2.5001690085801925e-9
3,6184.0,6184.0,94.4,2.3730131935180184e-9
3,6204.0,6204.0,94.254,2.7546032780976555e-9
3,6224.0,6224.0,94.099,2.929154106961428e-9
3,6244.0,6244.0,93.951,2.8013433679224793e-9
3,6264.0,6264.0,93.843,2.0479795427693624e-9
3,6284.0,6284.0,93.692,2.8685594412605387e-9
3,6304.0,6304.0,93.575,2.2265462284479075e-9
3,6314.0,6314.0,93.48,1.8086973463914818e-9
3,6334.0,6334.0,93.285,3.7185751242835027e-9
3,6344.0,6344.0,93.277,1.5263170208336702e-10
3,6364.0,6364.0,93.192,1.6260134573513765e-9
3,6385.0,6385.0,93.156,6.904886361888615e-10
3,6395.0,6395.0,92.996,3.0704118619871947e-9
3,6415.0,6415.0,92.902,1.807039429125497e-9
3,6425.0,6425.0,92.818,1.615769813524215e-9
3,6445.0,6445.0,92.792,5.013788819440642e-10
3,6455.0,6455.0,92.58,4.0892592081012276e-9
3,6465.0,6465.0,92.563,3.2801457709981013e-10
3,6485.0,6485.0,92.472,1.7602471682746154e-9
3,6495.0,6495.0,92.215,4.969549292532945e-9
3,6505.0,6505.0,91.97,4.731905260271604e-9
3,6515.0,6515.0,91.731,4.610969383978172e-9
3,6525.0,6525.0,91.486,4.72150838434207e-9
3,6535.0,6535.0,91.257,4.408493670892095e-9
3,6545.0,6545.0,91.058,3.827837794994126e-9
3,6555.0,6555.0,90.843,4.13251691318339e-9
3,6565.0,6565.0,90.621,4.263306750164832e-9
3,6575.0,6575.0,90.402,4.2018643428224404e-9
3,6585.0,6585.0,90.174,4.370378510304886e-9
3,6595.0,6595.0,89.967,3.9642963422576715e-9
3,6605.0,6605.0,89.75,4.1523132890686125e-9
3,6615.0,6615.0,89.516,4.473135264803132e-9
3,6625.0,6625.0,89.302,4.086761433144185e-9
3,6635.0,6635.0,89.071,4.407074791379158e-9
3,6645.0,6645.0,88.853,4.1548410099783165e-9
3,6656.0,6656.0,88.623,4.3797485584706135e-9
3,6666.0,6666.0,88.399,4.260974821436519e-9
3,6676.0,6676.0,88.173,4.294523667490046e-9
3,6686.0,6686.0,87.949,4.252030746921195e-9
3,6696.0,6696.0,87.73,4.1528649447382015e-9
3,6706.0,6706.0,87.532,3.751326800864131e-9
3,6716.0,6716.0,87.331,3.805161263880475e-9
3,6726.0,6726.0,87.143,3.5564264146915954e-9
3,6736.0,6736.0,86.935,3.93167579652388e-9
3,6746.0,6746.0,86.716,4.13557724871983e-9
3,6756.0,6756.0,86.491,4.244299239985842e-9
3,6766.0,6766.0,86.254,4.465336811602631e-9
3,6776.0,6776.0,86.032,4.177772212222283e-9
3,6786.0,6786.0,85.824,3.910301879184935e-9
3,6796.0,6796.0,85.606,4.0941625941037655e-9
3,6806.0,6806.0,85.364,4.539370380837314e-9
3,6816.0,6816.0,85.106,4.832430825972273e-9
3,6826.0,6826.0,84.855,4.694157750175452e-9
3,6836.0,6836.0,84.61,4.575268139202483e-9
3,6846.0,6846.0,84.365,4.568712518922817e-9
3,6856.0,6856.0,84.124,4.487741172739245e-9
3,6866.0,6866.0,83.862,4.871319068842148e-9
3,6876.0,6876.0,83.598,4.900261752139313e-9
3,6886.0,6886.0,83.335,4.873414625119104e-9
3,6896.0,6896.0,83.064,5.012860889997085e-9
3,6906.0,6906.0,82.79,5.059079266944905e-9
3,6916.0,6916.0,82.505,5.252039196008194e-9
3,6926.0,6926.0,82.244,4.800806246909705e-9
3,6937.0,6937.0,81.962,5.178192864504097e-9
3,6947.0,6947.0,81.731,4.234555058250151e-9
3,6957.0,6957.0,81.536,3.5704538553215538e-9
3,6967.0,6967.0,81.333,3.7132028528423064e-9
3,6977.0,6977.0,81.124,3.818755343974349e-9
3,6987.0,6987.0,81.078,8.403751019915271e-10
3,6997.0,6997.0,81.032,8.411005336535784e-10
3,7007.0,7007.0,80.967,1.1893952643158786e-9
3,7027.0,7027.0,80.914,9.718743020299707e-10
3,7047.0,7047.0,80.844,1.2862828441423115e-9
3,7057.0,7057.0,80.777,1.2318593006840863e-9
3,7067.0,7067.0,80.667,2.023103413692376e-9
3,7087.0,7087.0,80.633,6.265332362506267e-10
3,7097.0,7097.0,80.459,3.2067597516224884e-9
3,7117.0,7117.0,80.354,1.937206046449461e-9
3,7127.0,7127.0,80.258,1.7714315651534523e-9
3,7137.0,7137.0,80.24,3.323733726254962e-10
3,7147.0,7147.0,80.203,6.839347608644321e-10
3,7167.0,7167.0,80.104,1.8335530630867925e-9
3,7187.0,7187.0,80.047,1.0575978334430421e-9
3,7228.0,7228.0,79.99,1.0628740363884148e-9
3,7248.0,7248.0,79.981,1.682171810570256e-10
3,7338.0,7338.0,79.848,2.51450977209225e-9
3,7348.0,7348.0,79.67,3.3633126674632117e-9
3,7358.0,7358.0,79.513,2.9643161376440806e-9
3,7368.0,7368.0,79.373,2.6419931161380506e-9
3,7378.0,7378.0,79.244,2.4335848324272217e-9
3,7388.0,7388.0,79.102,2.677877617892632e-9
3,7398.0,7398.0,78.96,2.6766928657168877e-9
4,7399.0,7399.0,78.956,7.534033563393427e-11
4,7420.0,7420.0,78.95,1.1332407559885388e-10
4,7430.0,7430.0,78.806,2.720856196551557e-9
4,7440.0,7440.0,78.624,3.4363723515831473e-9
4,7450.0,7450.0,78.423,3.790970212608869e-9
4,7460.0,7460.0,78.233,3.579380425880151e-9
4,7470.0,7470.0,78.059,3.274726211027006e-9
4,7480.0,7480.0,77.887,3.2342432582544903e-9
4,7491.0,7491.0,77.697,3.5696589744711122e-9
4,7501.0,7501.0,77.505,3.6031812158710953e-9
4,7511.0,7511.0,77.291,4.010879980710446e-9
4,7521.0,7521.0,77.057,4.378857876315515e-9
4,7531.0,7531.0,76.889,3.1397765065976693e-9
4,7551.0,7551.0,76.87,3.5560430845402654e-10
4,7561.0,7561.0,76.678,3.5932962811212044e-9
4,7581.0,7581.0,76.522,2.920641537233608e-9
4,7591.0,7591.0,76.48,7.863461898418872e-10
4,7611.0,7611.0,76.341,2.6062012967987407e-9
4,7621.0,7621.0,76.185,2.923134765606109e-9
4,7651.0,7651.0,76.158,5.07309350263024e-10
4,7681.0,7681.0,75.946,3.992663029238381e-9
4,7691.0,7691.0,75.934,2.2596076844657906e-10
4,7701.0,7701.0,75.798,2.5617197187703043e-9
4,7721.0,7721.0,75.771,5.093497520168213e-10
4,7731.0,7731.0,75.671,1.8873411407184336e-9
4,7751.0,7751.0,75.56,2.0974418863972584e-9
4,7761.0,7761.0,75.389,3.2293300305774783e-9
4,7792.0,7792.0,75.258,2.4788435879914336e-9
4,7812.0,7812.0,75.208,9.474122850447714e-10
4,7822.0,7822.0,75.069,2.6338650872458086e-9
4,7842.0,7842.0,74.832,4.4910522852030785e-9
4,7852.0,7852.0,74.595,4.482560000298567e-9
4,7862.0,7862.0,74.37,4.247840445306275e-9
4,7872.0,7872.0,74.112,4.861239266416316e-9
4,7882.0,7882.0,73.863,4.681580800897116e-9
4,7892.0,7892.0,73.606,4.8215795039964926e-9
4,7902.0,7902.0,73.376,4.306231872813213e-9
4,7912.0,7912.0,73.143,4.354161593021793e-9
4,7922.0,7922.0,72.888,4.7554155640191426e-9
4,7932.0,7932.0,72.649,4.447566209973419e-9
4,7942.0,7942.0,72.419,4.271670440868673e-9
4,7952.0,7952.0,72.184,4.3560206905078306e-9
4,7962.0,7962.0,71.94,4.5135338482603335e-9
4,7972.0,7972.0,71.693,4.559181397213504e-9
4,7982.0,7982.0,71.445,4.567586136783391e-9
4,7992.0,7992.0,71.193,4.630838698382e-9
4,8002.0,8002.0,70.952,4.418914255414171e-9
4,8012.0,8012.0,70.712,4.391168271465347e-9
4,8022.0,8022.0,70.484,4.163018064070852e-9
4,8032.0,8032.0,70.249,4.282091122675609e-9
4,8042.0,8042.0,70.02,4.164181487419534e-9
4,8052.0,8052.0,69.778,4.391253284360355e-9
4,8062.0,8062.0,69.537,4.363410906386255e-9
4,8072.0,8072.0,69.305,4.191393120765308e-9
4,8083.0,8083.0,69.046,4.668991062443813e-9
4,8093.0,8093.0,68.805,4.334159613956952e-9
4,8103.0,8103.0,68.552,4.539265174826395e-9
4,8113.0,8113.0,68.325,4.063555617789502e-9
4,8123.0,8123.0,68.098,4.055069511116495e-9
4,8133.0,8133.0,67.857,4.295674801452282e-9
4,8143.0,8143.0,67.614,4.321210693639153e-9
4,8153.0,8153.0,67.385,4.0630472541170854e-9
4,8163.0,8163.0,67.151,4.142595816219373e-9
4,8173.0,8173.0,66.926,3.974538407924283e-9
4,8183.0,8183.0,66.719,3.64925329735173e-9
4,8193.0,8193.0,66.508,3.7126674962789977e-9
4,8203.0,8203.0,66.282,3.968395228208703e-9
4,8213.0,8213.0,66.071,3.697315104733293e-9
4,8223.0,8223.0,65.88,3.340755872896174e-9
4,8233.0,8233.0,65.69,3.317699048277492e-9
4,8243.0,8243.0,65.503,3.259912676481083e-9
4,8253.0,8253.0,65.307,3.4109649697395415e-9
4,8263.0,8263.0,65.136,2.971139469525837e-9
4,8273.0,8273.0,64.976,2.776315110133163e-9
4,8283.0,8283.0,64.817,2.755525621419106e-9
4,8293.0,8293.0,64.67,2.5446236917919705e-9
4,8303.0,8303.0,64.504,2.8700312878277927e-9
4,8313.0,8313.0,64.302,3.486692445321334e-9
4,8323.0,8323.0,64.062,4.133355650606475e-9
4,8333.0,8333.0,63.836,3.882772735512789e-9
4,8343.0,8343.0,63.618,3.73680645248867e-9
4,8353.0,8353.0,63.39,3.899211590352834e-9
4,8363.0,8363.0,63.161,3.906893363430873e-9
4,8374.0,8374.0,62.917,4.152699359978001e-9
4,8384.0,8384.0,62.717,3.3959153006271925e-9
4,8394.0,8394.0,62.563,2.610596957727433e-9
4,8404.0,8404.0,62.374,3.1989490159510297e-9
4,8414.0,8414.0,62.235,2.3492818089500737e-9
4,8434.0,8434.0,62.155,1.3529366094870414e-9
4,8444.0,8444.0,61.949,3.4799228972848266e-9
4,8454.0,8454.0,61.891,9.788577362174916e-10
4,8474.0,8474.0,61.808,1.4024944067404877e-9
4,8504.0,8504.0,61.768,6.776193100187898e-10
4,8514.0,8514.0,61.716,8.812843860878171e-10
4,8524.0,8524.0,61.71,1.0175827661779428e-10
4,8534.0,8534.0,61.594,1.967687788061804e-9
4,8554.0,8554.0,61.511,1.408936525254354e-9
4,8564.0,8564.0,61.479,5.433314391036557e-10
4,8584.0,8584.0,61.468,1.8714090585583085e-10
4,8594.0,8594.0,61.347,2.058735386181631e-9
4,8614.0,8614.0,61.266,1.3790969627102083e-9
4,8624.0,8624.0,61.17,1.634020537431268e-9
4,8644.0,8644.0,61.077,1.5841792264852673e-9
4,8664.0,8664.0,60.912,2.811198135986633e-9
4,8695.0,8695.0,60.778,2.2855865566478362e-9
4,8705.0,8705.0,60.752,4.433982946756724e-10
4,8715.0,8715.0,60.716,6.143278019408408e-10
4,8725.0,8725.0,60.558,2.694999084184872e-9
4,8745.0,8745.0,60.515,7.339119686209336e-10
4,8755.0,8755.0,60.363,2.59307692915421e-9
4,8775.0,8775.0,60.351,2.0490587443668747e-10
4,8785.0,8785.0,60.251,1.7079087870626595e-9
4,8805.0,8805.0,60.121,2.221092196137412e-9
4,8815.0,8815.0,60.02,1.724262289501585e-9
4,8845.0,8845.0,59.906,1.9493258151118584e-9
4,8855.0,8855.0,59.669,4.045253089314576e-9
4,8865.0,8865.0,59.418,4.271547236770464e-9
4,8875.0,8875.0,59.171,4.19061843362725e-9
4,8885.0,8885.0,58.94,3.907762452679067e-9
4,8895.0,8895.0,58.711,3.863184543638891e-9
4,8905.0,8905.0,58.47,4.0539329685268725e-9
4,8915.0,8915.0,58.249,3.707008453380819e-9
4,8925.0,8925.0,58.023,3.780595420444557e-9
4,8935.0,8935.0,57.791,3.870009226935123e-9
4,8945.0,8945.0,57.547,4.057990114316775e-9
4,8955.0,8955.0,57.296,4.161139137460936e-9
4,8966.0,8966.0,57.017,4.609639446237395e-9
4,8976.0,8976.0,56.76,4.230959252664818e-9
4,8986.0,8986.0,56.5,4.2656450722632785e-9
4,8996.0,8996.0,56.254,4.02239678263701e-9
4,9006.0,9006.0,55.996,4.204422924582431e-9
4,9016.0,9016.0,55.739,4.173540736359265e-9
4,9026.0,9026.0,55.481,4.175094626752663e-9
4,9036.0,9036.0,55.224,4.144240770938272e-9
4,9046.0,9046.0,54.969,4.097501939998494e-9
4,9056.0,9056.0,54.744,3.60367336353611e-9
4,9066.0,9066.0,54.63,1.8222294386895795e-9
4,9096.0,9096.0,54.539,1.4566646241313872e-9
4,9106.0,9106.0,54.377,2.5900177529933162e-9
4,9116.0,9116.0,54.284,1.4850099368101938e-9
4,9126.0,9126.0,54.157,2.0260310476045675e-9
4,9136.0,9136.0,54.022,2.1508058996460423e-9
4,9146.0,9146.0,53.899,1.957089408026734e-9
4,9156.0,9156.0,53.775,1.9706373659451054e-9
4,9166.0,9166.0,53.663,1.777969013893547e-9
4,9176.0,9176.0,53.536,2.0137996316192847e-9
4,9186.0,9186.0,53.42,1.8372065285525848e-9
4,9196.0,9196.0,53.325,1.5032752476246958e-9
4,9206.0,9206.0,53.179,2.3075873125801133e-9
4,9216.0,9216.0,53.019,2.5243361328538797e-9
4,9226.0,9226.0,52.833,2.9281536357952943e-9
4,9236.0,9236.0,52.608,3.532192431362304e-9
4,9246.0,9246.0,52.379,3.583383540606862e-9
4,9257.0,9257.0,52.324,8.593309936127885e-10
4,9277.0,9277.0,52.247,1.2041426526219882e-9
4,9287.0,9287.0,52.021,3.5277948761091112e-9
4,9297.0,9297.0,51.889,2.055618436428729e-9
4,9317.0,9317.0,51.848,6.387957730230944e-10
4,9327.0,9327.0,51.694,2.3974394325474802e-9
4,9347.0,9347.0,51.534,2.4886174132988053e-9
4,9367.0,9367.0,51.39,2.2379380770978637e-9
4,9387.0,9387.0,51.286,1.6158368030881265e-9
4,9397.0,9397.0,51.191,1.4747134197316669e-9
4,9427.0,9427.0,51.045,2.2682901627579973e-9
4,9437.0,9437.0,51.016,4.502566847980147e-10
4,9447.0,9447.0,50.98,5.591752666754243e-10
4,9457.0,9457.0,50.784,3.040689166735925e-9
4,9487.0,9487.0,50.652,2.0476859194695994e-9
4,9497.0,9497.0,50.457,3.018417162801062e-9
4,9507.0,9507.0,50.431,4.0199879539505393e-10
4,9537.0,9537.0,50.296,2.090546575176545e-9
4,9547.0,9547.0,50.286,1.547945217407114e-10
4,9578.0,9578.0,50.098,2.9138391634003926e-9
4,9588.0,9588.0,49.916,2.8133813712660646e-9
4,9598.0,9598.0,49.743,2.667545101077644e-9
4,9608.0,9608.0,49.558,2.8452913395653166e-9
4,9618.0,9618.0,49.368,2.914185680698226e-9
4,9628.0,9628.0,49.161,3.16547508230926e-9
4,9638.0,9638.0,48.932,3.4900272530787143e-9
4,9648.0,9648.0,48.704,3.4621869707206893e-9
4,9658.0,9658.0,48.473,3.494870321443475e-9
4,9668.0,9668.0,48.237,3.557037347557786e-9
4,9678.0,9678.0,48.004,3.4984048214046327e-9
4,9688.0,9688.0,47.781,3.335837556708121e-9
4,9698.0,9698.0,47.562,3.264250691553981e-9
4,9708.0,9708.0,47.335,3.3711377993089035e-9
4,9718.0,9718.0,47.106,3.3879840042516055e-9
4,9728.0,9728.0,46.869,3.4926304777347364e-9
4,9738.0,9738.0,46.628,3.5371451837314258e-9
4,9748.0,9748.0,46.383,3.580835048868184e-9
4,9758.0,9758.0,46.132,3.652709091400361e-9
4,9768.0,9768.0,45.897,3.4053880939541793e-9
4,9778.0,9778.0,45.708,2.7289740961375666e-9
4,9798.0,9798.0,45.668,5.772952264522649e-10
4,9808.0,9808.0,45.552,1.6730037385396397e-9
4,9828.0,9828.0,45.424,1.8448894723224863e-9
4,9838.0,9838.0,45.416,1.1525036988932053e-10
4,9848.0,9848.0,45.303,1.627395590330789e-9
4,9859.0,9859.0,45.259,6.332860846761154e-10
4,9869.0,9869.0,45.249,1.4398873434575293e-10
4,9879.0,9879.0,45.203,6.626090882700838e-10
4,9889.0,9889.0,45.148,7.921664173027086e-10
4,9909.0,9909.0,45.04,1.5558607940499615e-9
4,9939.0,9939.0,44.954,1.2400040239482499e-9
4,9969.0,9969.0,44.894,8.663226272372496e-10
4,9989.0,9989.0,44.893,1.4457855213741989e-11
4,9999.0,9999.0,44.8,1.3445175157039191e-9
4,10029.0,10029.0,44.657,2.068123148252732e-9
4,10059.0,10059.0,44.563,1.3599197398262278e-9
4,10069.0,10069.0,44.507,8.096069307011579e-10
4,10079.0,10079.0,44.354,2.2089631419930823e-9
4,10089.0,10089.0,44.165,2.7209140448924438e-9
4,10099.0,10099.0,43.949,3.098456742160693e-9
4,10109.0,10109.0,43.861,1.2592247263871213e-9
4,10119.0,10119.0,43.841,2.861182012347871e-10
4,10129.0,10129.0,43.659,2.6002458342586027e-9
4,10139.0,10139.0,43.577,1.1691577596544474e-9
4,10170.0,10170.0,43.534,6.140882744586447e-10
4,10200.0,10200.0,43.5,4.865600301268694e-10
4,10220.0,10220.0,43.364,1.9462473113728073e-9
4,10240.0,10240.0,43.289,1.0727863034544444e-9
4,10270.0,10270.0,43.177,1.6032536302809577e-9
4,10280.0,10280.0,43.085,1.3151305375412159e-9
4,10300.0,10300.0,42.988,1.38625873688395e-9
4,10320.0,10320.0,42.95,5.43271513507169e-10
4,10330.0,10330.0,42.87,1.1432658099574528e-9
4,10360.0,10360.0,42.835,5.009591993334623e-10
4,10390.0,10390.0,42.669,2.377269753971726e-9
4,10400.0,10400.0,42.442,3.2390174433919492e-9
4,10410.0,10410.0,42.194,3.522296712055488e-9
4,10420.0,10420.0,41.971,3.152626392090989e-9
4,10430.0,10430.0,41.739,3.2652619865133166e-9
4,10440.0,10440.0,41.493,3.445833853729934e-9
4,10450.0,10450.0,41.242,3.4982245261278104e-9
4,10461.0,10461.0,40.955,3.978134505557925e-9
4,10471.0,10471.0,40.72,3.2397653942070652e-9
4,10481.0,10481.0,40.486,3.210517890265022e-9
4,10491.0,10491.0,40.247,3.2631292491526716e-9
4,10501.0,10501.0,40.013,3.1791723193205368e-9
4,10511.0,10511.0,39.772,3.2579973384268835e-9
4,10521.0,10521.0,39.527,3.2950287842170547e-9
4,10531.0,10531.0,39.285,3.237767985809248e-9
4,10541.0,10541.0,39.028,3.4199298273029686e-9
4,10551.0,10551.0,38.77,3.4138949926863817e-9
4,10561.0,10561.0,38.513,3.3813531842189597e-9
4,10571.0,10571.0,38.243,3.5315110404614535e-9
4,10581.0,10581.0,37.971,3.535890206585757e-9
4,10591.0,10591.0,37.706,3.4238532846912916e-9
4,10601.0,10601.0,37.457,3.198296218846881e-9
4,10611.0,10611.0,37.207,3.192831306564361e-9
4,10621.0,10621.0,36.963,3.098502931218469e-9
4,10631.0,10631.0,36.739,2.829240112403497e-9
4,10641.0,10641.0,36.519,2.764576290242795e-9
4,10651.0,10651.0,36.297,2.775483018183293e-9
4,10661.0,10661.0,36.058,2.971890401451549e-9
4,10671.0,10671.0,35.813,3.0289582624231867e-9
4,10681.0,10681.0,35.578,2.8886281541594194e-9
4,10691.0,10691.0,35.342,2.8844794987740673e-9
4,10701.0,10701.0,35.112,2.7952860186015575e-9
4,10711.0,10711.0,34.876,2.8518980915587077e-9
4,10721.0,10721.0,34.649,2.727536354547092e-9
4,10731.0,10731.0,34.409,2.867040515739698e-9
4,10741.0,10741.0,34.163,2.9207543844258046e-9
4,10751.0,10751.0,33.913,2.949519673488324e-9
4,10762.0,10762.0,33.641,3.1877287431381093e-9
4,10772.0,10772.0,33.408,2.7127699616295414e-9
4,10782.0,10782.0,33.181,2.6272177810165938e-9
4,10792.0,10792.0,32.957,2.5773263264558444e-9
4,10802.0,10802.0,32.725,2.653425652498424e-9
4,10812.0,10812.0,32.499,2.5691549769531574e-9
4,10822.0,10822.0,32.27,2.5874895285716153e-9
4,10832.0,10832.0,32.032,2.6722586198346603e-9
4,10842.0,10842.0,31.798,2.6104687698510253e-9
4,10852.0,10852.0,31.566,2.5716315924409856e-9
4,10862.0,10862.0,31.359,2.280718919762216e-9
4,10872.0,10872.0,31.153,2.2568799334261917e-9
4,10882.0,10882.0,30.946,2.2549248402427493e-9
4,10892.0,10892.0,30.738,2.2527442677178563e-9
4,10902.0,10902.0,30.514,2.4112534776589e-9
4,10912.0,10912.0,30.281,2.4917045100314453e-9
4,10922.0,10922.0,30.058,2.369046257316338e-9
4,10932.0,10932.0,29.965,9.837135799100068e-10
4,10952.0,10952.0,29.93,3.701011596359567e-10
4,10962.0,10962.0,29.739,2.013911220764591e-9
4,10972.0,10972.0,29.594,1.5216630889257298e-9
4,10982.0,10982.0,29.439,1.6198559254855457e-9
4,10992.0,10992.0,29.26,1.8617820999680164e-9
4,11002.0,11002.0,29.06,2.0686525302625217e-9
4,11012.0,11012.0,28.839,2.271422567938299e-9
4,11022.0,11022.0,28.595,2.489933188687701e-9
4,11032.0,11032.0,28.343,2.5516752381168116e-9
4,11042.0,11042.0,28.106,2.381336335692669e-9
4,11053.0,11053.0,27.856,2.4927676673975256e-9
4,11063.0,11063.0,27.624,2.295438950862659e-9
4,11073.0,11073.0,27.4,2.20005670121463e-9
4,11083.0,11083.0,27.196,1.9898334299339154e-9
4,11093.0,11093.0,26.997,1.9284735193289105e-9
4,11103.0,11103.0,26.785,2.040711191713148e-9
4,11113.0,11113.0,26.564,2.112118440811952e-9
4,11123.0,11123.0,26.352,2.011468348340927e-9
4,11133.0,11133.0,26.132,2.072193055152451e-9
4,11143.0,11143.0,25.919,1.9914949462917283e-9
4,11153.0,11153.0,25.736,1.699509337166675e-9
4,11163.0,11163.0,25.546,1.753347010393293e-9
4,11173.0,11173.0,25.321,2.0613742129550906e-9
4,11183.0,11183.0,25.091,2.090203091025219e-9
4,11193.0,11193.0,24.859,2.090924629741365e-9
4,11203.0,11203.0,24.606,2.260066758777262e-9
4,11213.0,11213.0,24.346,2.300562346906357e-9
4,11223.0,11223.0,24.099,2.16482738730759e-9
4,11233.0,11233.0,23.861,2.0669039132761508e-9
4,11243.0,11243.0,23.615,2.116702565020446e-9
4,11253.0,11253.0,23.363,2.147493116138041e-9
4,11263.0,11263.0,23.103,2.1934670623456216e-9
4,11273.0,11273.0,22.858,2.046272453110517e-9
4,11283.0,11283.0,22.774,6.971749515726952e-10
4,11293.0,11293.0,22.688,7.117454740295544e-10
4,11313.0,11313.0,22.567,9.986150887467145e-10
4,11333.0,11333.0,22.476,7.488278470496755e-10
4,11353.0,11353.0,22.377,8.12654090646959e-10
4,11364.0,11364.0,22.372,4.09876445381764e-11
4,11374.0,11374.0,22.267,8.593802667889692e-10
4,11384.0,11384.0,22.238,2.368481994371176e-10
4,11394.0,11394.0,22.159,6.442068351584689e-10
4,11404.0,11404.0,22.076,6.749470908099534e-10
4,11414.0,11414.0,21.981,7.700958655667794e-10
4,11424.0,11424.0,21.91,5.738791099788118e-10
4,11434.0,11434.0,21.892,1.453225570525948e-10
4,11444.0,11444.0,21.831,4.920237131692654e-10
4,11454.0,11454.0,21.775,4.508788392538171e-10
4,11464.0,11464.0,21.769,4.8281877099607246e-11
4,11474.0,11474.0,21.668,8.114549975405179e-10
4,11494.0,11494.0,21.563,8.410545614758268e-10
4,11504.0,11504.0,21.531,2.557313997900303e-10
4,11514.0,11514.0,21.44,7.257908271004153e-10
4,11524.0,11524.0,21.382,4.6138831070769646e-10
4,11534.0,11534.0,21.307,5.952858906099949e-10
4,11544.0,11544.0,21.289,1.4268096524241934e-10
4,11554.0,11554.0,21.128,1.2719398838437471e-9
4,11574.0,11574.0,21.004,9.747329243825662e-10
4,11584.0,11584.0,20.888,9.074360530461909e-10
4,11604.0,11604.0,20.775,8.806535689187854e-10
4,11614.0,11614.0,20.633,1.1008364924366195e-9
4,11624.0,11624.0,20.577,4.324288293377583e-10
4,11634.0,11634.0,20.499,6.008695617049926e-10
4,11644.0,11644.0,20.357,1.088967160534658e-9
4,11654.0,11654.0,20.287,5.344879193469553e-10
4,11675.0,11675.0,20.143,1.0956996421499378e-9
4,11695.0,11695.0,19.998,1.0972985695120999e-9
4,11715.0,11715.0,19.828,1.2785752721747327e-9
4,11735.0,11735.0,19.765,4.718570524258159e-10
4,11745.0,11745.0,19.604,1.2000564564491155e-9
4,11765.0,11765.0,19.457,1.088982801359687e-9
4,11775.0,11775.0,19.207,1.834746651428491e-9
4,11785.0,11785.0,18.936,1.963731573016386e-9
4,11795.0,11795.0,18.667,1.923273807294077e-9
4,11805.0,11805.0,18.4,1.8833588967656953e-9
4,11815.0,11815.0,18.18,1.5327400484136488e-9
4,11825.0,11825.0,17.941,1.6456111171546928e-9
4,11835.0,11835.0,17.69,1.7062332151167515e-9
4,11845.0,11845.0,17.406,1.9031780651371234e-9
4,11855.0,11855.0,17.128,1.8346855313308628e-9
4,11865.0,11865.0,16.825,1.967691101698529e-9
4,11875.0,11875.0,16.544,1.7949465773638328e-9
4,11885.0,11885.0,16.268,1.7350395069577456e-9
4,11895.0,11895.0,15.96,1.9033423678961366e-9
4,11905.0,11905.0,15.7,1.5797270523807341e-9
4,11915.0,11915.0,15.483,1.2996908827149005e-9
4,11925.0,11925.0,15.196,1.6925826353239636e-9
4,11935.0,11935.0,14.926,1.5647263236444877e-9
4,11945.0,11945.0,14.623,1.7240107430156653e-9
4,11955.0,11955.0,14.315,1.717660016855636e-9
4,11965.0,11965.0,13.994,1.7527124069454466e-9
4,11975.0,11975.0,13.655,1.8093519213842365e-9
4,11986.0,11986.0,13.337,1.6584594439770603e-9
4,11996.0,11996.0,13.031,1.5602833378821237e-9
4,12006.0,12006.0,12.702,1.6385249322606671e-9
4,12016.0,12016.0,12.393,1.5020140538818334e-9
4,12026.0,12026.0,12.112,1.3349058104100978e-9
4,12036.0,12036.0,11.837,1.2778228621301478e-9
4,12046.0,12046.0,11.539,1.3526882533027701e-9
4,12056.0,12056.0,11.245,1.3018140032604921e-9
4,12066.0,12066.0,10.956,1.247964115702555e-9
4,12076.0,12076.0,10.659,1.2496925784384976e-9
4,12086.0,12086.0,10.345,1.2849393961089078e-9
4,12096.0,12096.0,10.014,1.3139977193775435e-9
4,12106.0,12106.0,9.692,1.2382929970938442e-9
4,12116.0,12116.0,9.381,1.1585294006688456e-9
4,12126.0,12126.0,9.077,1.096842288689198e-9
4,12136.0,12136.0,8.763,1.0958937826150032e-9
4,12146.0,12146.0,8.475,9.720330645117532e-10
4,12156.0,12156.0,8.186,9.435349585850694e-10
4,12166.0,12166.0,7.904,8.898593369582019e-10
4,12176.0,12176.0,7.609,8.982368026310925e-10
4,12186.0,12186.0,7.309,8.791468583258685e-10
4,12196.0,12196.0,6.996,8.802742795362933e-10
4,12206.0,12206.0,6.683,8.424428522785529e-10
4,12216.0,12216.0,6.38,7.794405150898031e-10
4,12226.0,12226.0,6.078,7.414947118396575e-10
4,12236.0,12236.0,5.761,7.402563614741364e-10
4,12246.0,12246.0,5.458,6.710570274850402e-10
4,12256.0,12256.0,5.164,6.169795606491359e-10
4,12266.0,12266.0,4.893,5.389011352690186e-10
4,12277.0,12277.0,4.593,5.632030888784186e-10
4,12287.0,12287.0,4.318,4.853705176619283e-10
4,12297.0,12297.0,4.052,4.413413964245639e-10
4,12307.0,12307.0,3.777,4.2712951703299334e-10
4,12317.0,12317.0,3.486,4.196453080281732e-10
4,12327.0,12327.0,3.191,3.914075379887059e-10
4,12337.0,12337.0,2.894,3.594140032209124e-10
4,12347.0,12347.0,2.598,3.2355795727457526e-10
4,12357.0,12357.0,2.303,2.879971316166736e-10
4,12367.0,12367.0,1.994,2.6470161500585596e-10
4,12377.0,12377.0,1.699,2.1736274585727188e-10
4,12387.0,12387.0,1.426,1.7035198695203805e-10
4,12397.0,12397.0,1.174,1.309359450362243e-10
4,12407.0,12407.0,0.957,9.24865039056239e-11
5,12417.0,12417.0,0.0,1.8331962231541226e-10
