fixIdx,time,lat,lng,alt,tickLead,tickRace,zoneIdx,legIdx,togo,area
22,,,,230.0,-366.066248749617,-366.066248749617,1,1,216.889,0.0
318,,,,1295.0,229.933751250383,229.933751250383,297,1,216.862,0.0
319,,,,1295.0,231.933751250383,231.933751250383,298,1,216.813,0.0
320,,,,1296.0,233.933751250383,233.933751250383,299,1,216.791,0.0
321,,,,1299.0,235.933751250383,235.933751250383,300,1,216.777,0.0
322,,,,1300.0,237.933751250383,237.933751250383,301,1,216.775,0.0
338,,,,1357.0,269.933751250383,269.933751250383,317,1,216.759,0.0
339,,,,1364.0,271.933751250383,271.933751250383,318,1,216.724,0.0
340,,,,1367.0,273.933751250383,273.933751250383,319,1,216.693,0.0
341,,,,1371.0,275.933751250383,275.933751250383,320,1,216.664,0.0
342,,,,1373.0,277.933751250383,277.933751250383,321,1,216.641,0.0
343,,,,1372.0,279.933751250383,279.933751250383,322,1,216.621,0.0
344,,,,1371.0,281.933751250383,281.933751250383,323,1,216.604,0.0
345,,,,1371.0,283.933751250383,283.933751250383,324,1,216.597,0.0
356,,,,1388.0,305.933751250383,305.933751250383,335,1,216.596,0.0
357,,,,1394.0,307.933751250383,307.933751250383,336,1,216.561,0.0
358,,,,1401.0,309.933751250383,309.933751250383,337,1,216.524,0.0
359,,,,1410.0,311.933751250383,311.933751250383,338,1,216.492,0.0
360,,,,1414.0,313.933751250383,313.933751250383,339,1,216.466,0.0
361,,,,1411.0,315.933751250383,315.933751250383,340,1,216.448,0.0
362,,,,1409.0,317.933751250383,317.933751250383,341,1,216.439,0.0
376,,,,1418.0,345.933751250383,345.933751250383,355,1,216.409,0.0
377,,,,1426.0,347.933751250383,347.933751250383,356,1,216.375,0.0
378,,,,1432.0,349.933751250383,349.933751250383,357,1,216.339,0.0
379,,,,1437.0,352.933751250383,352.933751250383,358,1,216.306,0.0
380,,,,1441.0,354.933751250383,354.933751250383,359,1,216.282,0.0
381,,,,1437.0,356.933751250383,356.933751250383,360,1,216.267,0.0
382,,,,1434.0,358.933751250383,358.933751250383,361,1,216.265,0.0
394,,,,1471.0,382.933751250383,382.933751250383,373,1,216.264,0.0
395,,,,1476.0,384.933751250383,384.933751250383,374,1,216.219,0.0
396,,,,1480.0,386.933751250383,386.933751250383,375,1,216.198,0.0
397,,,,1483.0,388.933751250383,388.933751250383,376,1,216.184,0.0
398,,,,1483.0,390.933751250383,390.933751250383,377,1,216.178,0.0
413,,,,1473.0,420.933751250383,420.933751250383,392,1,216.157,0.0
414,,,,1478.0,422.933751250383,422.933751250383,393,1,216.124,0.0
415,,,,1481.0,424.933751250383,424.933751250383,394,1,216.094,0.0
416,,,,1485.0,426.933751250383,426.933751250383,395,1,216.059,0.0
417,,,,1490.0,428.933751250383,428.933751250383,396,1,216.028,0.0
418,,,,1489.0,430.933751250383,430.933751250383,397,1,216.001,0.0
419,,,,1488.0,432.933751250383,432.933751250383,398,1,215.975,0.0
420,,,,1489.0,434.933751250383,434.933751250383,399,1,215.961,0.0
421,,,,1485.0,436.933751250383,436.933751250383,400,1,215.954,0.0
438,,,,1470.0,470.933751250383,470.933751250383,417,1,215.932,0.0
439,,,,1471.0,472.933751250383,472.933751250383,418,1,215.906,0.0
440,,,,1477.0,474.933751250383,474.933751250383,419,1,215.891,0.0
441,,,,1477.0,476.933751250383,476.933751250383,420,1,215.878,0.0
442,,,,1477.0,478.933751250383,478.933751250383,421,1,215.87,0.0
443,,,,1476.0,480.933751250383,480.933751250383,422,1,215.866,0.0
553,,,,1538.0,703.933751250383,703.933751250383,532,1,215.863,0.0
554,,,,1544.0,705.933751250383,705.933751250383,533,1,215.842,0.0
555,,,,1547.0,707.933751250383,707.933751250383,534,1,215.828,0.0
565,,,,1571.0,727.933751250383,727.933751250383,544,1,215.801,0.0
566,,,,1569.0,729.933751250383,729.933751250383,545,1,215.775,0.0
567,,,,1577.0,731.933751250383,731.933751250383,546,1,215.754,0.0
568,,,,1582.0,733.933751250383,733.933751250383,547,1,215.752,0.0
579,,,,1572.0,755.933751250383,755.933751250383,558,1,215.73,0.0
580,,,,1573.0,757.933751250383,757.933751250383,559,1,215.698,0.0
581,,,,1572.0,759.933751250383,759.933751250383,560,1,215.67,0.0
582,,,,1570.0,761.933751250383,761.933751250383,561,1,215.645,0.0
583,,,,1570.0,763.933751250383,763.933751250383,562,1,215.633,0.0
610,,,,1517.0,817.933751250383,817.933751250383,589,1,215.619,0.0
611,,,,1510.0,819.933751250383,819.933751250383,590,1,215.597,0.0
612,,,,1506.0,821.933751250383,821.933751250383,591,1,215.577,0.0
613,,,,1505.0,823.933751250383,823.933751250383,592,1,215.556,0.0
614,,,,1505.0,825.933751250383,825.933751250383,593,1,215.537,0.0
615,,,,1506.0,827.933751250383,827.933751250383,594,1,215.52,0.0
616,,,,1509.0,829.933751250383,829.933751250383,595,1,215.5,0.0
617,,,,1512.0,831.933751250383,831.933751250383,596,1,215.476,0.0
618,,,,1513.0,833.933751250383,833.933751250383,597,1,215.453,0.0
619,,,,1513.0,835.933751250383,835.933751250383,598,1,215.431,0.0
620,,,,1511.0,837.933751250383,837.933751250383,599,1,215.41,0.0
621,,,,1508.0,839.933751250383,839.933751250383,600,1,215.389,0.0
622,,,,1507.0,841.933751250383,841.933751250383,601,1,215.373,0.0
623,,,,1507.0,843.933751250383,843.933751250383,602,1,215.357,0.0
624,,,,1505.0,845.933751250383,845.933751250383,603,1,215.34,0.0
625,,,,1502.0,847.933751250383,847.933751250383,604,1,215.324,0.0
626,,,,1498.0,849.933751250383,849.933751250383,605,1,215.304,0.0
627,,,,1494.0,851.933751250383,851.933751250383,606,1,215.288,0.0
628,,,,1493.0,853.933751250383,853.933751250383,607,1,215.269,0.0
629,,,,1491.0,855.933751250383,855.933751250383,608,1,215.25,0.0
630,,,,1487.0,857.933751250383,857.933751250383,609,1,215.232,0.0
631,,,,1481.0,859.933751250383,859.933751250383,610,1,215.218,0.0
632,,,,1477.0,861.933751250383,861.933751250383,611,1,215.205,0.0
633,,,,1471.0,863.933751250383,863.933751250383,612,1,215.19,0.0
634,,,,1467.0,865.933751250383,865.933751250383,613,1,215.172,0.0
635,,,,1465.0,867.933751250383,867.933751250383,614,1,215.154,0.0
636,,,,1460.0,869.933751250383,869.933751250383,615,1,215.133,0.0
637,,,,1455.0,871.933751250383,871.933751250383,616,1,215.111,0.0
638,,,,1450.0,873.933751250383,873.933751250383,617,1,215.084,0.0
639,,,,1448.0,875.933751250383,875.933751250383,618,1,215.058,0.0
640,,,,1445.0,877.933751250383,877.933751250383,619,1,215.032,0.0
641,,,,1440.0,879.933751250383,879.933751250383,620,1,215.004,0.0
642,,,,1434.0,881.933751250383,881.933751250383,621,1,214.975,0.0
643,,,,1428.0,883.933751250383,883.933751250383,622,1,214.949,0.0
644,,,,1425.0,886.933751250383,886.933751250383,623,1,214.922,0.0
645,,,,1425.0,888.933751250383,888.933751250383,624,1,214.895,0.0
646,,,,1422.0,890.933751250383,890.933751250383,625,1,214.873,0.0
647,,,,1422.0,892.933751250383,892.933751250383,626,1,214.853,0.0
648,,,,1420.0,894.933751250383,894.933751250383,627,1,214.836,0.0
649,,,,1417.0,896.933751250383,896.933751250383,628,1,214.817,0.0
650,,,,1413.0,898.933751250383,898.933751250383,629,1,214.795,0.0
651,,,,1407.0,900.933751250383,900.933751250383,630,1,214.772,0.0
652,,,,1399.0,902.933751250383,902.933751250383,631,1,214.733,0.0
653,,,,1398.0,904.933751250383,904.933751250383,632,1,214.704,0.0
654,,,,1394.0,906.933751250383,906.933751250383,633,1,214.674,0.0
655,,,,1390.0,908.933751250383,908.933751250383,634,1,214.644,0.0
656,,,,1384.0,910.933751250383,910.933751250383,635,1,214.611,0.0
657,,,,1376.0,912.933751250383,912.933751250383,636,1,214.578,0.0
658,,,,1364.0,914.933751250383,914.933751250383,637,1,214.541,0.0
659,,,,1356.0,916.933751250383,916.933751250383,638,1,214.5,0.0
660,,,,1350.0,918.933751250383,918.933751250383,639,1,214.46,0.0
661,,,,1342.0,920.933751250383,920.933751250383,640,1,214.417,0.0
662,,,,1336.0,922.933751250383,922.933751250383,641,1,214.372,0.0
663,,,,1330.0,924.933751250383,924.933751250383,642,1,214.331,0.0
664,,,,1326.0,926.933751250383,926.933751250383,643,1,214.289,0.0
665,,,,1320.0,928.933751250383,928.933751250383,644,1,214.251,0.0
666,,,,1313.0,930.933751250383,930.933751250383,645,1,214.217,0.0
667,,,,1308.0,932.933751250383,932.933751250383,646,1,214.183,0.0
668,,,,1302.0,934.933751250383,934.933751250383,647,1,214.151,0.0
669,,,,1296.0,936.933751250383,936.933751250383,648,1,214.116,0.0
670,,,,1288.0,938.933751250383,938.933751250383,649,1,214.081,0.0
671,,,,1281.0,940.933751250383,940.933751250383,650,1,214.049,0.0
672,,,,1276.0,942.933751250383,942.933751250383,651,1,214.015,0.0
673,,,,1273.0,944.933751250383,944.933751250383,652,1,213.983,0.0
674,,,,1270.0,946.933751250383,946.933751250383,653,1,213.951,0.0
675,,,,1266.0,948.933751250383,948.933751250383,654,1,213.915,0.0
676,,,,1263.0,950.933751250383,950.933751250383,655,1,213.881,0.0
677,,,,1259.0,952.933751250383,952.933751250383,656,1,213.844,0.0
678,,,,1254.0,954.933751250383,954.933751250383,657,1,213.809,0.0
679,,,,1246.0,956.933751250383,956.933751250383,658,1,213.771,0.0
680,,,,1239.0,958.933751250383,958.933751250383,659,1,213.732,0.0
681,,,,1233.0,960.933751250383,960.933751250383,660,1,213.692,0.0
682,,,,1230.0,962.933751250383,962.933751250383,661,1,213.654,0.0
683,,,,1226.0,964.933751250383,964.933751250383,662,1,213.614,0.0
684,,,,1222.0,966.933751250383,966.933751250383,663,1,213.576,0.0
685,,,,1217.0,968.933751250383,968.933751250383,664,1,213.536,0.0
686,,,,1209.0,970.933751250383,970.933751250383,665,1,213.494,0.0
687,,,,1200.0,972.933751250383,972.933751250383,666,1,213.449,0.0
688,,,,1192.0,974.933751250383,974.933751250383,667,1,213.403,0.0
689,,,,1186.0,976.933751250383,976.933751250383,668,1,213.357,0.0
690,,,,1182.0,978.933751250383,978.933751250383,669,1,213.312,0.0
691,,,,1180.0,980.933751250383,980.933751250383,670,1,213.273,0.0
692,,,,1180.0,982.933751250383,982.933751250383,671,1,213.235,0.0
693,,,,1180.0,984.933751250383,984.933751250383,672,1,213.203,0.0
694,,,,1179.0,986.933751250383,986.933751250383,673,1,213.174,0.0
695,,,,1177.0,988.933751250383,988.933751250383,674,1,213.145,0.0
696,,,,1173.0,990.933751250383,990.933751250383,675,1,213.113,0.0
697,,,,1171.0,992.933751250383,992.933751250383,676,1,213.078,0.0
698,,,,1168.0,994.933751250383,994.933751250383,677,1,213.043,0.0
699,,,,1164.0,996.933751250383,996.933751250383,678,1,213.011,0.0
700,,,,1163.0,998.933751250383,998.933751250383,679,1,212.981,0.0
701,,,,1169.0,1000.933751250383,1000.933751250383,680,1,212.96,0.0
702,,,,1171.0,1002.933751250383,1002.933751250383,681,1,212.943,0.0
703,,,,1171.0,1004.933751250383,1004.933751250383,682,1,212.927,0.0
704,,,,1171.0,1006.933751250383,1006.933751250383,683,1,212.918,0.0
716,,,,1161.0,1030.933751250383,1030.933751250383,695,1,212.902,0.0
717,,,,1160.0,1032.933751250383,1032.933751250383,696,1,212.87,0.0
718,,,,1162.0,1034.933751250383,1034.933751250383,697,1,212.837,0.0
719,,,,1161.0,1037.933751250383,1037.933751250383,698,1,212.805,0.0
720,,,,1162.0,1039.933751250383,1039.933751250383,699,1,212.775,0.0
721,,,,1163.0,1041.933751250383,1041.933751250383,700,1,212.747,0.0
722,,,,1165.0,1043.933751250383,1043.933751250383,701,1,212.722,0.0
723,,,,1168.0,1045.933751250383,1045.933751250383,702,1,212.7,0.0
724,,,,1167.0,1047.933751250383,1047.933751250383,703,1,212.679,0.0
725,,,,1167.0,1049.933751250383,1049.933751250383,704,1,212.659,0.0
726,,,,1169.0,1051.933751250383,1051.933751250383,705,1,212.639,0.0
727,,,,1170.0,1053.933751250383,1053.933751250383,706,1,212.619,0.0
728,,,,1171.0,1055.933751250383,1055.933751250383,707,1,212.599,0.0
729,,,,1174.0,1057.933751250383,1057.933751250383,708,1,212.57,0.0
730,,,,1176.0,1059.933751250383,1059.933751250383,709,1,212.548,0.0
731,,,,1180.0,1061.933751250383,1061.933751250383,710,1,212.529,0.0
732,,,,1185.0,1063.933751250383,1063.933751250383,711,1,212.512,0.0
733,,,,1191.0,1065.933751250383,1065.933751250383,712,1,212.488,0.0
734,,,,1193.0,1067.933751250383,1067.933751250383,713,1,212.462,0.0
735,,,,1191.0,1069.933751250383,1069.933751250383,714,1,212.43,0.0
736,,,,1191.0,1071.933751250383,1071.933751250383,715,1,212.404,0.0
737,,,,1191.0,1073.933751250383,1073.933751250383,716,1,212.392,0.0
748,,,,1216.0,1095.933751250383,1095.933751250383,727,1,212.377,0.0
749,,,,1221.0,1097.933751250383,1097.933751250383,728,1,212.347,0.0
750,,,,1226.0,1099.933751250383,1099.933751250383,729,1,212.329,0.0
751,,,,1227.0,1101.933751250383,1101.933751250383,730,1,212.324,0.0
766,,,,1271.0,1131.933751250383,1131.933751250383,745,1,212.295,0.0
767,,,,1276.0,1133.933751250383,1133.933751250383,746,1,212.269,0.0
768,,,,1282.0,1135.933751250383,1135.933751250383,747,1,212.263,0.0
778,,,,1324.0,1155.933751250383,1155.933751250383,757,1,212.237,0.0
779,,,,1332.0,1157.933751250383,1157.933751250383,758,1,212.205,0.0
780,,,,1341.0,1159.933751250383,1159.933751250383,759,1,212.185,0.0
781,,,,1349.0,1161.933751250383,1161.933751250383,760,1,212.178,0.0
788,,,,1386.0,1175.933751250383,1175.933751250383,767,1,212.173,0.0
789,,,,1394.0,1177.933751250383,1177.933751250383,768,1,212.135,0.0
790,,,,1400.0,1179.933751250383,1179.933751250383,769,1,212.104,0.0
791,,,,1406.0,1181.933751250383,1181.933751250383,770,1,212.088,0.0
792,,,,1410.0,1183.933751250383,1183.933751250383,771,1,212.085,0.0
802,,,,1455.0,1204.933751250383,1204.933751250383,781,1,212.052,0.0
803,,,,1463.0,1206.933751250383,1206.933751250383,782,1,212.033,0.0
804,,,,1472.0,1208.933751250383,1208.933751250383,783,1,212.03,0.0
811,,,,1502.0,1222.933751250383,1222.933751250383,790,1,212.01,0.0
812,,,,1506.0,1224.933751250383,1224.933751250383,791,1,211.971,0.0
813,,,,1514.0,1226.933751250383,1226.933751250383,792,1,211.947,0.0
814,,,,1518.0,1228.933751250383,1228.933751250383,793,1,211.937,0.0
822,,,,1547.0,1244.933751250383,1244.933751250383,801,1,211.915,0.0
823,,,,1549.0,1246.933751250383,1246.933751250383,802,1,211.88,0.0
824,,,,1550.0,1248.933751250383,1248.933751250383,803,1,211.86,0.0
825,,,,1550.0,1250.933751250383,1250.933751250383,804,1,211.856,0.0
845,,,,1597.0,1290.933751250383,1290.933751250383,824,1,211.831,0.0
846,,,,1597.0,1292.933751250383,1292.933751250383,825,1,211.8,0.0
847,,,,1597.0,1294.933751250383,1294.933751250383,826,1,211.766,0.0
848,,,,1596.0,1296.933751250383,1296.933751250383,827,1,211.739,0.0
849,,,,1595.0,1298.933751250383,1298.933751250383,828,1,211.719,0.0
850,,,,1595.0,1300.933751250383,1300.933751250383,829,1,211.709,0.0
863,,,,1616.0,1326.933751250383,1326.933751250383,842,1,211.707,0.0
864,,,,1617.0,1328.933751250383,1328.933751250383,843,1,211.684,0.0
865,,,,1617.0,1330.933751250383,1330.933751250383,844,1,211.667,0.0
866,,,,1619.0,1332.933751250383,1332.933751250383,845,1,211.66,0.0
877,,,,1629.0,1354.933751250383,1354.933751250383,856,1,211.648,0.0
878,,,,1632.0,1356.933751250383,1356.933751250383,857,1,211.628,0.0
879,,,,1636.0,1358.933751250383,1358.933751250383,858,1,211.622,0.0
887,,,,1636.0,1374.933751250383,1374.933751250383,866,1,211.601,0.0
888,,,,1635.0,1376.933751250383,1376.933751250383,867,1,211.563,0.0
889,,,,1637.0,1378.933751250383,1378.933751250383,868,1,211.529,0.0
890,,,,1637.0,1380.933751250383,1380.933751250383,869,1,211.5,0.0
891,,,,1638.0,1382.933751250383,1382.933751250383,870,1,211.476,0.0
892,,,,1640.0,1384.933751250383,1384.933751250383,871,1,211.461,0.0
893,,,,1643.0,1386.933751250383,1386.933751250383,872,1,211.459,0.0
906,,,,1639.0,1412.933751250383,1412.933751250383,885,1,211.439,0.0
907,,,,1634.0,1414.933751250383,1414.933751250383,886,1,211.414,0.0
908,,,,1629.0,1416.933751250383,1416.933751250383,887,1,211.387,0.0
909,,,,1625.0,1418.933751250383,1418.933751250383,888,1,211.358,0.0
910,,,,1621.0,1421.933751250383,1421.933751250383,889,1,211.33,0.0
911,,,,1615.0,1423.933751250383,1423.933751250383,890,1,211.3,0.0
912,,,,1607.0,1425.933751250383,1425.933751250383,891,1,211.27,0.0
913,,,,1601.0,1427.933751250383,1427.933751250383,892,1,211.24,0.0
914,,,,1600.0,1429.933751250383,1429.933751250383,893,1,211.212,0.0
915,,,,1598.0,1431.933751250383,1431.933751250383,894,1,211.188,0.0
916,,,,1593.0,1433.933751250383,1433.933751250383,895,1,211.163,0.0
917,,,,1584.0,1435.933751250383,1435.933751250383,896,1,211.139,0.0
918,,,,1579.0,1437.933751250383,1437.933751250383,897,1,211.115,0.0
919,,,,1577.0,1439.933751250383,1439.933751250383,898,1,211.093,0.0
920,,,,1577.0,1441.933751250383,1441.933751250383,899,1,211.067,0.0
921,,,,1574.0,1443.933751250383,1443.933751250383,900,1,211.044,0.0
922,,,,1567.0,1445.933751250383,1445.933751250383,901,1,211.024,0.0
923,,,,1561.0,1447.933751250383,1447.933751250383,902,1,211.006,0.0
924,,,,1553.0,1449.933751250383,1449.933751250383,903,1,210.986,0.0
925,,,,1542.0,1451.933751250383,1451.933751250383,904,1,210.96,0.0
926,,,,1538.0,1453.933751250383,1453.933751250383,905,1,210.942,0.0
927,,,,1532.0,1455.933751250383,1455.933751250383,906,1,210.926,0.0
928,,,,1529.0,1457.933751250383,1457.933751250383,907,1,210.911,0.0
929,,,,1527.0,1459.933751250383,1459.933751250383,908,1,210.898,0.0
930,,,,1528.0,1461.933751250383,1461.933751250383,909,1,210.885,0.0
931,,,,1531.0,1463.933751250383,1463.933751250383,910,1,210.87,0.0
932,,,,1532.0,1465.933751250383,1465.933751250383,911,1,210.857,0.0
933,,,,1533.0,1467.933751250383,1467.933751250383,912,1,210.843,0.0
934,,,,1533.0,1469.933751250383,1469.933751250383,913,1,210.827,0.0
935,,,,1532.0,1471.933751250383,1471.933751250383,914,1,210.811,0.0
936,,,,1534.0,1473.933751250383,1473.933751250383,915,1,210.793,0.0
937,,,,1537.0,1475.933751250383,1475.933751250383,916,1,210.778,0.0
938,,,,1539.0,1477.933751250383,1477.933751250383,917,1,210.759,0.0
939,,,,1543.0,1479.933751250383,1479.933751250383,918,1,210.74,0.0
940,,,,1550.0,1481.933751250383,1481.933751250383,919,1,210.721,0.0
941,,,,1556.0,1483.933751250383,1483.933751250383,920,1,210.707,0.0
942,,,,1560.0,1485.933751250383,1485.933751250383,921,1,210.691,0.0
943,,,,1559.0,1487.933751250383,1487.933751250383,922,1,210.677,0.0
944,,,,1559.0,1489.933751250383,1489.933751250383,923,1,210.666,0.0
945,,,,1562.0,1491.933751250383,1491.933751250383,924,1,210.65,0.0
946,,,,1566.0,1493.933751250383,1493.933751250383,925,1,210.628,0.0
947,,,,1565.0,1495.933751250383,1495.933751250383,926,1,210.594,0.0
948,,,,1564.0,1497.933751250383,1497.933751250383,927,1,210.557,0.0
949,,,,1566.0,1499.933751250383,1499.933751250383,928,1,210.536,0.0
950,,,,1569.0,1501.933751250383,1501.933751250383,929,1,210.529,0.0
958,,,,1577.0,1517.933751250383,1517.933751250383,937,1,210.508,0.0
959,,,,1579.0,1519.933751250383,1519.933751250383,938,1,210.482,0.0
960,,,,1580.0,1521.933751250383,1521.933751250383,939,1,210.454,0.0
961,,,,1581.0,1523.933751250383,1523.933751250383,940,1,210.428,0.0
962,,,,1582.0,1525.933751250383,1525.933751250383,941,1,210.406,0.0
963,,,,1585.0,1527.933751250383,1527.933751250383,942,1,210.389,0.0
964,,,,1591.0,1529.933751250383,1529.933751250383,943,1,210.374,0.0
965,,,,1593.0,1531.933751250383,1531.933751250383,944,1,210.357,0.0
966,,,,1595.0,1533.933751250383,1533.933751250383,945,1,210.338,0.0
967,,,,1594.0,1535.933751250383,1535.933751250383,946,1,210.313,0.0
968,,,,1592.0,1537.933751250383,1537.933751250383,947,1,210.289,0.0
970,,,,1592.0,1538.933751250383,1538.933751250383,948,1,210.277,0.0
971,,,,1594.0,1540.933751250383,1540.933751250383,949,1,210.255,0.0
972,,,,1593.0,1542.933751250383,1542.933751250383,950,1,210.235,0.0
973,,,,1592.0,1544.933751250383,1544.933751250383,951,1,210.216,0.0
974,,,,1592.0,1546.933751250383,1546.933751250383,952,1,210.2,0.0
975,,,,1588.0,1548.933751250383,1548.933751250383,953,1,210.189,0.0
976,,,,1585.0,1550.933751250383,1550.933751250383,954,1,210.184,0.0
978,,,,1584.0,1554.933751250383,1554.933751250383,956,1,210.181,0.0
979,,,,1580.0,1556.933751250383,1556.933751250383,957,1,210.171,0.0
980,,,,1578.0,1558.933751250383,1558.933751250383,958,1,210.158,0.0
981,,,,1577.0,1560.933751250383,1560.933751250383,959,1,210.14,0.0
982,,,,1575.0,1562.933751250383,1562.933751250383,960,1,210.127,0.0
983,,,,1573.0,1564.933751250383,1564.933751250383,961,1,210.109,0.0
984,,,,1572.0,1566.933751250383,1566.933751250383,962,1,210.093,0.0
985,,,,1570.0,1568.933751250383,1568.933751250383,963,1,210.077,0.0
986,,,,1566.0,1570.933751250383,1570.933751250383,964,1,210.061,0.0
987,,,,1563.0,1572.933751250383,1572.933751250383,965,1,210.044,0.0
988,,,,1560.0,1574.933751250383,1574.933751250383,966,1,210.029,0.0
989,,,,1559.0,1576.933751250383,1576.933751250383,967,1,210.017,0.0
990,,,,1556.0,1578.933751250383,1578.933751250383,968,1,210.003,0.0
991,,,,1552.0,1580.933751250383,1580.933751250383,969,1,209.993,0.0
992,,,,1549.0,1582.933751250383,1582.933751250383,970,1,209.98,0.0
993,,,,1545.0,1584.933751250383,1584.933751250383,971,1,209.966,0.0
994,,,,1540.0,1586.933751250383,1586.933751250383,972,1,209.951,0.0
995,,,,1533.0,1588.933751250383,1588.933751250383,973,1,209.935,0.0
996,,,,1526.0,1590.933751250383,1590.933751250383,974,1,209.925,0.0
997,,,,1519.0,1592.933751250383,1592.933751250383,975,1,209.916,0.0
998,,,,1513.0,1594.933751250383,1594.933751250383,976,1,209.911,0.0
999,,,,1507.0,1596.933751250383,1596.933751250383,977,1,209.906,0.0
1000,,,,1502.0,1598.933751250383,1598.933751250383,978,1,209.898,0.0
1001,,,,1499.0,1600.933751250383,1600.933751250383,979,1,209.889,0.0
1002,,,,1499.0,1602.933751250383,1602.933751250383,980,1,209.877,0.0
1003,,,,1501.0,1604.933751250383,1604.933751250383,981,1,209.862,0.0
1004,,,,1500.0,1606.933751250383,1606.933751250383,982,1,209.848,0.0
1005,,,,1502.0,1608.933751250383,1608.933751250383,983,1,209.83,0.0
1006,,,,1505.0,1610.933751250383,1610.933751250383,984,1,209.812,0.0
1007,,,,1506.0,1612.933751250383,1612.933751250383,985,1,209.792,0.0
1008,,,,1506.0,1614.933751250383,1614.933751250383,986,1,209.764,0.0
1009,,,,1508.0,1616.933751250383,1616.933751250383,987,1,209.735,0.0
1010,,,,1511.0,1618.933751250383,1618.933751250383,988,1,209.708,0.0
1011,,,,1513.0,1620.933751250383,1620.933751250383,989,1,209.689,0.0
1012,,,,1517.0,1622.933751250383,1622.933751250383,990,1,209.672,0.0
1013,,,,1523.0,1624.933751250383,1624.933751250383,991,1,209.659,0.0
1014,,,,1528.0,1626.933751250383,1626.933751250383,992,1,209.642,0.0
1015,,,,1533.0,1628.933751250383,1628.933751250383,993,1,209.616,0.0
1016,,,,1535.0,1630.933751250383,1630.933751250383,994,1,209.585,0.0
1017,,,,1536.0,1632.933751250383,1632.933751250383,995,1,209.549,0.0
1018,,,,1539.0,1634.933751250383,1634.933751250383,996,1,209.522,0.0
1019,,,,1542.0,1637.933751250383,1637.933751250383,997,1,209.51,0.0
1027,,,,1560.0,1653.933751250383,1653.933751250383,1005,1,209.506,0.0
1028,,,,1562.0,1655.933751250383,1655.933751250383,1006,1,209.471,0.0
1029,,,,1567.0,1657.933751250383,1657.933751250383,1007,1,209.443,0.0
1030,,,,1573.0,1659.933751250383,1659.933751250383,1008,1,209.43,0.0
1031,,,,1574.0,1661.933751250383,1661.933751250383,1009,1,209.428,0.0
1040,,,,1597.0,1679.933751250383,1679.933751250383,1018,1,209.397,0.0
1041,,,,1599.0,1681.933751250383,1681.933751250383,1019,1,209.362,0.0
1042,,,,1599.0,1683.933751250383,1683.933751250383,1020,1,209.333,0.0
1043,,,,1601.0,1685.933751250383,1685.933751250383,1021,1,209.317,0.0
1053,,,,1628.0,1705.933751250383,1705.933751250383,1031,1,209.288,0.0
1054,,,,1631.0,1707.933751250383,1707.933751250383,1032,1,209.268,0.0
1063,,,,1649.0,1725.933751250383,1725.933751250383,1041,1,209.24,0.0
1064,,,,1651.0,1727.933751250383,1727.933751250383,1042,1,209.201,0.0
1065,,,,1657.0,1729.933751250383,1729.933751250383,1043,1,209.175,0.0
1066,,,,1660.0,1731.933751250383,1731.933751250383,1044,1,209.158,0.0
1067,,,,1664.0,1733.933751250383,1733.933751250383,1045,1,209.154,0.0
1079,,,,1685.0,1757.933751250383,1757.933751250383,1057,1,209.128,0.0
1080,,,,1689.0,1759.933751250383,1759.933751250383,1058,1,209.092,0.0
1081,,,,1692.0,1761.933751250383,1761.933751250383,1059,1,209.056,0.0
1082,,,,1694.0,1763.933751250383,1763.933751250383,1060,1,209.019,0.0
1083,,,,1696.0,1765.933751250383,1765.933751250383,1061,1,208.985,0.0
1084,,,,1695.0,1767.933751250383,1767.933751250383,1062,1,208.959,0.0
1085,,,,1689.0,1769.933751250383,1769.933751250383,1063,1,208.944,0.0
1098,,,,1718.0,1795.933751250383,1795.933751250383,1076,1,208.934,0.0
1099,,,,1718.0,1797.933751250383,1797.933751250383,1077,1,208.903,0.0
1100,,,,1716.0,1799.933751250383,1799.933751250383,1078,1,208.887,0.0
1109,,,,1723.0,1817.933751250383,1817.933751250383,1087,1,208.87,0.0
1110,,,,1722.0,1819.933751250383,1819.933751250383,1088,1,208.837,0.0
1111,,,,1720.0,1821.933751250383,1821.933751250383,1089,1,208.801,0.0
1112,,,,1717.0,1823.933751250383,1823.933751250383,1090,1,208.766,0.0
1113,,,,1714.0,1825.933751250383,1825.933751250383,1091,1,208.731,0.0
1114,,,,1709.0,1827.933751250383,1827.933751250383,1092,1,208.699,0.0
1115,,,,1703.0,1829.933751250383,1829.933751250383,1093,1,208.667,0.0
1116,,,,1697.0,1831.933751250383,1831.933751250383,1094,1,208.638,0.0
1117,,,,1692.0,1833.933751250383,1833.933751250383,1095,1,208.613,0.0
1118,,,,1685.0,1835.933751250383,1835.933751250383,1096,1,208.589,0.0
1119,,,,1681.0,1837.933751250383,1837.933751250383,1097,1,208.565,0.0
1120,,,,1678.0,1839.933751250383,1839.933751250383,1098,1,208.54,0.0
1121,,,,1675.0,1841.933751250383,1841.933751250383,1099,1,208.517,0.0
1122,,,,1671.0,1843.933751250383,1843.933751250383,1100,1,208.493,0.0
1123,,,,1666.0,1845.933751250383,1845.933751250383,1101,1,208.465,0.0
1124,,,,1661.0,1847.933751250383,1847.933751250383,1102,1,208.439,0.0
1125,,,,1656.0,1849.933751250383,1849.933751250383,1103,1,208.411,0.0
1126,,,,1650.0,1851.933751250383,1851.933751250383,1104,1,208.383,0.0
1127,,,,1644.0,1853.933751250383,1853.933751250383,1105,1,208.354,0.0
1128,,,,1639.0,1855.933751250383,1855.933751250383,1106,1,208.325,0.0
1129,,,,1636.0,1857.933751250383,1857.933751250383,1107,1,208.293,0.0
1130,,,,1633.0,1859.933751250383,1859.933751250383,1108,1,208.264,0.0
1131,,,,1628.0,1861.933751250383,1861.933751250383,1109,1,208.235,0.0
1132,,,,1622.0,1863.933751250383,1863.933751250383,1110,1,208.205,0.0
1133,,,,1616.0,1865.933751250383,1865.933751250383,1111,1,208.176,0.0
1134,,,,1610.0,1867.933751250383,1867.933751250383,1112,1,208.148,0.0
1135,,,,1606.0,1869.933751250383,1869.933751250383,1113,1,208.122,0.0
1136,,,,1602.0,1871.933751250383,1871.933751250383,1114,1,208.094,0.0
1137,,,,1599.0,1873.933751250383,1873.933751250383,1115,1,208.066,0.0
1138,,,,1598.0,1875.933751250383,1875.933751250383,1116,1,208.038,0.0
1139,,,,1598.0,1877.933751250383,1877.933751250383,1117,1,208.014,0.0
1140,,,,1596.0,1879.933751250383,1879.933751250383,1118,1,207.988,0.0
1141,,,,1593.0,1881.933751250383,1881.933751250383,1119,1,207.957,0.0
1142,,,,1590.0,1883.933751250383,1883.933751250383,1120,1,207.923,0.0
1143,,,,1588.0,1885.933751250383,1885.933751250383,1121,1,207.888,0.0
1144,,,,1584.0,1887.933751250383,1887.933751250383,1122,1,207.854,0.0
1145,,,,1581.0,1889.933751250383,1889.933751250383,1123,1,207.818,0.0
1146,,,,1577.0,1891.933751250383,1891.933751250383,1124,1,207.784,0.0
1147,,,,1574.0,1893.933751250383,1893.933751250383,1125,1,207.748,0.0
1148,,,,1571.0,1895.933751250383,1895.933751250383,1126,1,207.714,0.0
1149,,,,1566.0,1897.933751250383,1897.933751250383,1127,1,207.68,0.0
1150,,,,1562.0,1899.933751250383,1899.933751250383,1128,1,207.646,0.0
1151,,,,1560.0,1901.933751250383,1901.933751250383,1129,1,207.612,0.0
1152,,,,1560.0,1903.933751250383,1903.933751250383,1130,1,207.579,0.0
1153,,,,1562.0,1905.933751250383,1905.933751250383,1131,1,207.551,0.0
1154,,,,1565.0,1907.933751250383,1907.933751250383,1132,1,207.524,0.0
1155,,,,1566.0,1909.933751250383,1909.933751250383,1133,1,207.496,0.0
1156,,,,1565.0,1911.933751250383,1911.933751250383,1134,1,207.468,0.0
1157,,,,1566.0,1913.933751250383,1913.933751250383,1135,1,207.436,0.0
1158,,,,1567.0,1915.933751250383,1915.933751250383,1136,1,207.407,0.0
1159,,,,1565.0,1917.933751250383,1917.933751250383,1137,1,207.379,0.0
1160,,,,1564.0,1919.933751250383,1919.933751250383,1138,1,207.353,0.0
1161,,,,1565.0,1921.933751250383,1921.933751250383,1139,1,207.328,0.0
1162,,,,1564.0,1923.933751250383,1923.933751250383,1140,1,207.3,0.0
1163,,,,1563.0,1925.933751250383,1925.933751250383,1141,1,207.27,0.0
1164,,,,1564.0,1927.933751250383,1927.933751250383,1142,1,207.236,0.0
1165,,,,1566.0,1929.933751250383,1929.933751250383,1143,1,207.201,0.0
1166,,,,1567.0,1931.933751250383,1931.933751250383,1144,1,207.167,0.0
1167,,,,1567.0,1933.933751250383,1933.933751250383,1145,1,207.133,0.0
1168,,,,1570.0,1936.933751250383,1936.933751250383,1146,1,207.101,0.0
1169,,,,1572.0,1938.933751250383,1938.933751250383,1147,1,207.072,0.0
1170,,,,1572.0,1940.933751250383,1940.933751250383,1148,1,207.041,0.0
1171,,,,1571.0,1942.933751250383,1942.933751250383,1149,1,207.008,0.0
1172,,,,1568.0,1944.933751250383,1944.933751250383,1150,1,206.977,0.0
1173,,,,1565.0,1946.933751250383,1946.933751250383,1151,1,206.948,0.0
1174,,,,1561.0,1948.933751250383,1948.933751250383,1152,1,206.918,0.0
1175,,,,1557.0,1950.933751250383,1950.933751250383,1153,1,206.889,0.0
1176,,,,1553.0,1952.933751250383,1952.933751250383,1154,1,206.841,0.0
1177,,,,1548.0,1954.933751250383,1954.933751250383,1155,1,206.809,0.0
1178,,,,1544.0,1956.933751250383,1956.933751250383,1156,1,206.776,0.0
1179,,,,1539.0,1958.933751250383,1958.933751250383,1157,1,206.742,0.0
1180,,,,1536.0,1960.933751250383,1960.933751250383,1158,1,206.71,0.0
1181,,,,1532.0,1962.933751250383,1962.933751250383,1159,1,206.677,0.0
1182,,,,1527.0,1964.933751250383,1964.933751250383,1160,1,206.645,0.0
1183,,,,1524.0,1966.933751250383,1966.933751250383,1161,1,206.612,0.0
1184,,,,1520.0,1968.933751250383,1968.933751250383,1162,1,206.582,0.0
1185,,,,1514.0,1970.933751250383,1970.933751250383,1163,1,206.551,0.0
1186,,,,1510.0,1972.933751250383,1972.933751250383,1164,1,206.518,0.0
1187,,,,1506.0,1974.933751250383,1974.933751250383,1165,1,206.485,0.0
1188,,,,1500.0,1976.933751250383,1976.933751250383,1166,1,206.45,0.0
1189,,,,1493.0,1978.933751250383,1978.933751250383,1167,1,206.414,0.0
1190,,,,1487.0,1980.933751250383,1980.933751250383,1168,1,206.376,0.0
1191,,,,1484.0,1982.933751250383,1982.933751250383,1169,1,206.341,0.0
1192,,,,1482.0,1984.933751250383,1984.933751250383,1170,1,206.307,0.0
1193,,,,1477.0,1986.933751250383,1986.933751250383,1171,1,206.271,0.0
1194,,,,1471.0,1988.933751250383,1988.933751250383,1172,1,206.237,0.0
1195,,,,1463.0,1990.933751250383,1990.933751250383,1173,1,206.199,0.0
1196,,,,1455.0,1992.933751250383,1992.933751250383,1174,1,206.157,0.0
1197,,,,1451.0,1994.933751250383,1994.933751250383,1175,1,206.116,0.0
1198,,,,1448.0,1996.933751250383,1996.933751250383,1176,1,206.077,0.0
1199,,,,1445.0,1998.933751250383,1998.933751250383,1177,1,206.038,0.0
1200,,,,1439.0,2000.933751250383,2000.933751250383,1178,1,205.998,0.0
1201,,,,1436.0,2002.933751250383,2002.933751250383,1179,1,205.956,0.0
1202,,,,1433.0,2004.933751250383,2004.933751250383,1180,1,205.914,0.0
1203,,,,1429.0,2006.933751250383,2006.933751250383,1181,1,205.875,0.0
1204,,,,1425.0,2008.933751250383,2008.933751250383,1182,1,205.835,0.0
1205,,,,1422.0,2010.933751250383,2010.933751250383,1183,1,205.794,0.0
1206,,,,1418.0,2012.933751250383,2012.933751250383,1184,1,205.754,0.0
1207,,,,1415.0,2014.933751250383,2014.933751250383,1185,1,205.713,0.0
1208,,,,1410.0,2016.933751250383,2016.933751250383,1186,1,205.671,0.0
1209,,,,1405.0,2018.933751250383,2018.933751250383,1187,1,205.628,0.0
1210,,,,1400.0,2020.933751250383,2020.933751250383,1188,1,205.583,0.0
1211,,,,1395.0,2022.933751250383,2022.933751250383,1189,1,205.537,0.0
1212,,,,1391.0,2024.933751250383,2024.933751250383,1190,1,205.494,0.0
1213,,,,1386.0,2026.933751250383,2026.933751250383,1191,1,205.454,0.0
1214,,,,1379.0,2028.933751250383,2028.933751250383,1192,1,205.414,0.0
1215,,,,1370.0,2030.933751250383,2030.933751250383,1193,1,205.374,0.0
1216,,,,1364.0,2032.933751250383,2032.933751250383,1194,1,205.335,0.0
1217,,,,1359.0,2034.933751250383,2034.933751250383,1195,1,205.298,0.0
1218,,,,1351.0,2036.933751250383,2036.933751250383,1196,1,205.263,0.0
1219,,,,1344.0,2038.933751250383,2038.933751250383,1197,1,205.228,0.0
1220,,,,1339.0,2040.933751250383,2040.933751250383,1198,1,205.195,0.0
1221,,,,1332.0,2042.933751250383,2042.933751250383,1199,1,205.16,0.0
1222,,,,1326.0,2044.933751250383,2044.933751250383,1200,1,205.126,0.0
1223,,,,1320.0,2046.933751250383,2046.933751250383,1201,1,205.092,0.0
1224,,,,1315.0,2048.933751250383,2048.933751250383,1202,1,205.057,0.0
1225,,,,1310.0,2050.933751250383,2050.933751250383,1203,1,205.022,0.0
1226,,,,1305.0,2052.933751250383,2052.933751250383,1204,1,204.987,0.0
1227,,,,1298.0,2054.933751250383,2054.933751250383,1205,1,204.951,0.0
1228,,,,1294.0,2056.933751250383,2056.933751250383,1206,1,204.918,0.0
1229,,,,1292.0,2058.933751250383,2058.933751250383,1207,1,204.886,0.0
1230,,,,1289.0,2060.933751250383,2060.933751250383,1208,1,204.854,0.0
1231,,,,1284.0,2062.933751250383,2062.933751250383,1209,1,204.826,0.0
1232,,,,1278.0,2064.933751250383,2064.933751250383,1210,1,204.801,0.0
1233,,,,1272.0,2066.933751250383,2066.933751250383,1211,1,204.785,0.0
1234,,,,1267.0,2068.933751250383,2068.933751250383,1212,1,204.774,0.0
1235,,,,1262.0,2070.933751250383,2070.933751250383,1213,1,204.766,0.0
1236,,,,1256.0,2072.933751250383,2072.933751250383,1214,1,204.761,0.0
1237,,,,1252.0,2074.933751250383,2074.933751250383,1215,1,204.758,0.0
1241,,,,1241.0,2082.933751250383,2082.933751250383,1219,1,204.756,0.0
1242,,,,1243.0,2084.933751250383,2084.933751250383,1220,1,204.75,0.0
1243,,,,1246.0,2086.933751250383,2086.933751250383,1221,1,204.741,0.0
1244,,,,1246.0,2088.933751250383,2088.933751250383,1222,1,204.728,0.0
1245,,,,1243.0,2090.933751250383,2090.933751250383,1223,1,204.711,0.0
1246,,,,1241.0,2092.933751250383,2092.933751250383,1224,1,204.686,0.0
1247,,,,1237.0,2094.933751250383,2094.933751250383,1225,1,204.661,0.0
1248,,,,1238.0,2096.933751250383,2096.933751250383,1226,1,204.641,0.0
1249,,,,1237.0,2098.933751250383,2098.933751250383,1227,1,204.622,0.0
1250,,,,1235.0,2100.933751250383,2100.933751250383,1228,1,204.604,0.0
1251,,,,1233.0,2102.933751250383,2102.933751250383,1229,1,204.584,0.0
1252,,,,1231.0,2104.933751250383,2104.933751250383,1230,1,204.566,0.0
1253,,,,1225.0,2106.933751250383,2106.933751250383,1231,1,204.546,0.0
1254,,,,1216.0,2108.933751250383,2108.933751250383,1232,1,204.525,0.0
1255,,,,1208.0,2110.933751250383,2110.933751250383,1233,1,204.502,0.0
1256,,,,1201.0,2112.933751250383,2112.933751250383,1234,1,204.475,0.0
1257,,,,1194.0,2114.933751250383,2114.933751250383,1235,1,204.445,0.0
1258,,,,1188.0,2117.933751250383,2117.933751250383,1236,1,204.413,0.0
1259,,,,1184.0,2119.933751250383,2119.933751250383,1237,1,204.381,0.0
1260,,,,1181.0,2121.933751250383,2121.933751250383,1238,1,204.349,0.0
1261,,,,1180.0,2123.933751250383,2123.933751250383,1239,1,204.316,0.0
1262,,,,1179.0,2125.933751250383,2125.933751250383,1240,1,204.288,0.0
1263,,,,1179.0,2127.933751250383,2127.933751250383,1241,1,204.258,0.0
1264,,,,1178.0,2129.933751250383,2129.933751250383,1242,1,204.229,0.0
1265,,,,1181.0,2131.933751250383,2131.933751250383,1243,1,204.202,0.0
1266,,,,1185.0,2133.933751250383,2133.933751250383,1244,1,204.176,0.0
1267,,,,1189.0,2135.933751250383,2135.933751250383,1245,1,204.15,0.0
1268,,,,1190.0,2137.933751250383,2137.933751250383,1246,1,204.125,0.0
1269,,,,1190.0,2139.933751250383,2139.933751250383,1247,1,204.096,0.0
1270,,,,1191.0,2141.933751250383,2141.933751250383,1248,1,204.068,0.0
1271,,,,1193.0,2143.933751250383,2143.933751250383,1249,1,204.036,0.0
1272,,,,1197.0,2145.933751250383,2145.933751250383,1250,1,204.004,0.0
1273,,,,1200.0,2147.933751250383,2147.933751250383,1251,1,203.972,0.0
1274,,,,1202.0,2149.933751250383,2149.933751250383,1252,1,203.938,0.0
1275,,,,1207.0,2151.933751250383,2151.933751250383,1253,1,203.903,0.0
1276,,,,1210.0,2153.933751250383,2153.933751250383,1254,1,203.873,0.0
1277,,,,1212.0,2155.933751250383,2155.933751250383,1255,1,203.848,0.0
1278,,,,1216.0,2157.933751250383,2157.933751250383,1256,1,203.824,0.0
1279,,,,1220.0,2159.933751250383,2159.933751250383,1257,1,203.812,0.0
1280,,,,1223.0,2161.933751250383,2161.933751250383,1258,1,203.804,0.0
1291,,,,1254.0,2183.933751250383,2183.933751250383,1269,1,203.799,0.0
1292,,,,1257.0,2185.933751250383,2185.933751250383,1270,1,203.765,0.0
1293,,,,1259.0,2187.933751250383,2187.933751250383,1271,1,203.726,0.0
1294,,,,1260.0,2189.933751250383,2189.933751250383,1272,1,203.688,0.0
1295,,,,1263.0,2191.933751250383,2191.933751250383,1273,1,203.649,0.0
1296,,,,1266.0,2193.933751250383,2193.933751250383,1274,1,203.616,0.0
1297,,,,1268.0,2195.933751250383,2195.933751250383,1275,1,203.59,0.0
1298,,,,1270.0,2197.933751250383,2197.933751250383,1276,1,203.569,0.0
1299,,,,1272.0,2199.933751250383,2199.933751250383,1277,1,203.553,0.0
1300,,,,1270.0,2201.933751250383,2201.933751250383,1278,1,203.547,0.0
1315,,,,1290.0,2231.933751250383,2231.933751250383,1293,1,203.529,0.0
1316,,,,1289.0,2233.933751250383,2233.933751250383,1294,1,203.488,0.0
1317,,,,1288.0,2235.933751250383,2235.933751250383,1295,1,203.448,0.0
1318,,,,1291.0,2237.933751250383,2237.933751250383,1296,1,203.413,0.0
1319,,,,1293.0,2239.933751250383,2239.933751250383,1297,1,203.384,0.0
1320,,,,1294.0,2241.933751250383,2241.933751250383,1298,1,203.358,0.0
1321,,,,1295.0,2243.933751250383,2243.933751250383,1299,1,203.337,0.0
1322,,,,1294.0,2245.933751250383,2245.933751250383,1300,1,203.314,0.0
1323,,,,1294.0,2247.933751250383,2247.933751250383,1301,1,203.29,0.0
1324,,,,1294.0,2249.933751250383,2249.933751250383,1302,1,203.265,0.0
1325,,,,1293.0,2251.933751250383,2251.933751250383,1303,1,203.24,0.0
1326,,,,1292.0,2253.933751250383,2253.933751250383,1304,1,203.218,0.0
1327,,,,1290.0,2255.933751250383,2255.933751250383,1305,1,203.197,0.0
1328,,,,1288.0,2257.933751250383,2257.933751250383,1306,1,203.176,0.0
1329,,,,1286.0,2259.933751250383,2259.933751250383,1307,1,203.151,0.0
1330,,,,1287.0,2261.933751250383,2261.933751250383,1308,1,203.129,0.0
1331,,,,1287.0,2263.933751250383,2263.933751250383,1309,1,203.107,0.0
1332,,,,1284.0,2265.933751250383,2265.933751250383,1310,1,203.086,0.0
1333,,,,1280.0,2267.933751250383,2267.933751250383,1311,1,203.064,0.0
1334,,,,1278.0,2269.933751250383,2269.933751250383,1312,1,203.038,0.0
1335,,,,1274.0,2271.933751250383,2271.933751250383,1313,1,203.016,0.0
1336,,,,1270.0,2273.933751250383,2273.933751250383,1314,1,202.994,0.0
1337,,,,1267.0,2275.933751250383,2275.933751250383,1315,1,202.974,0.0
1338,,,,1263.0,2277.933751250383,2277.933751250383,1316,1,202.95,0.0
1339,,,,1260.0,2279.933751250383,2279.933751250383,1,2,202.928,20358.248923972067
1340,,,,1260.0,2281.933751250383,2281.933751250383,2,2,202.904,22225.96171529953
1341,,,,1259.0,2283.933751250383,2283.933751250383,3,2,202.88,22242.810559618094
1342,,,,1256.0,2285.933751250383,2285.933751250383,4,2,202.855,23187.083264094625
1343,,,,1255.0,2287.933751250383,2287.933751250383,5,2,202.831,22276.38460343515
1344,,,,1255.0,2289.933751250383,2289.933751250383,6,2,202.809,20435.55199085049
1345,,,,1254.0,2291.933751250383,2291.933751250383,7,2,202.785,22310.269869712392
1346,,,,1252.0,2293.933751250383,2293.933751250383,8,2,202.761,22327.095770030952
1347,,,,1250.0,2295.933751250383,2295.933751250383,9,2,202.734,25136.72072449612
1348,,,,1251.0,2297.933751250383,2297.933751250383,10,2,202.704,27950.089927184643
1349,,,,1254.0,2299.933751250383,2299.933751250383,11,2,202.675,27038.00048029235
1350,,,,1256.0,2301.933751250383,2301.933751250383,12,2,202.646,27057.64060974926
1351,,,,1256.0,2303.933751250383,2303.933751250383,13,2,202.612,31745.377861576097
1352,,,,1256.0,2305.933751250383,2305.933751250383,14,2,202.58,29899.069073156075
1353,,,,1262.0,2307.933751250383,2307.933751250383,15,2,202.551,27115.449748779924
1354,,,,1267.0,2309.933751250383,2309.933751250383,16,2,202.526,23392.52585386001
1355,,,,1270.0,2311.933751250383,2311.933751250383,17,2,202.501,23409.889786697546
1356,,,,1272.0,2313.933751250383,2313.933751250383,18,2,202.482,17804.972815275156
1357,,,,1275.0,2315.933751250383,2315.933751250383,19,2,202.468,13129.72321597318
1358,,,,1278.0,2317.933751250383,2317.933751250383,20,2,202.462,5631.605483363119
1373,,,,1287.0,2347.933751250383,2347.933751250383,35,2,202.43,30421.106957143784
1374,,,,1289.0,2349.933751250383,2349.933751250383,36,2,202.393,35198.36754635589
1375,,,,1290.0,2351.933751250383,2351.933751250383,37,2,202.355,36173.73831415181
1376,,,,1292.0,2353.933751250383,2353.933751250383,38,2,202.317,36197.70100145113
1377,,,,1295.0,2355.933751250383,2355.933751250383,39,2,202.283,32409.16705572006
1378,,,,1299.0,2357.933751250383,2357.933751250383,40,2,202.256,25754.656368508546
1379,,,,1303.0,2359.933751250383,2359.933751250383,41,2,202.235,20046.01122250459
1380,,,,1306.0,2361.933751250383,2361.933751250383,42,2,202.22,14329.438730443724
1381,,,,1307.0,2363.933751250383,2363.933751250383,43,2,202.21,9560.457270173229
1382,,,,1308.0,2365.933751250383,2365.933751250383,44,2,202.204,5740.900392469252
1383,,,,1307.0,2367.933751250383,2367.933751250383,45,2,202.202,1915.2132332254696
1394,,,,1313.0,2390.933751250383,2390.933751250383,56,2,202.192,9668.79263402268
1395,,,,1315.0,2392.933751250383,2392.933751250383,57,2,202.159,31930.3101233258
1396,,,,1314.0,2394.933751250383,2394.933751250383,58,2,202.125,32919.93548746941
1397,,,,1316.0,2396.933751250383,2396.933751250383,59,2,202.088,35848.255948590275
1398,,,,1321.0,2398.933751250383,2398.933751250383,60,2,202.059,28116.13448422754
1399,,,,1323.0,2400.933751250383,2400.933751250383,61,2,202.038,20374.41264764653
1400,,,,1322.0,2402.933751250383,2402.933751250383,62,2,202.025,12622.176064314364
1401,,,,1319.0,2404.933751250383,2404.933751250383,63,2,202.018,6801.876533600071
1413,,,,1314.0,2428.933751250383,2428.933751250383,75,2,202.004,13738.797408677368
1414,,,,1315.0,2430.933751250383,2430.933751250383,76,2,201.983,20623.378300680983
1415,,,,1316.0,2432.933751250383,2432.933751250383,77,2,201.953,29482.48583235336
1416,,,,1319.0,2434.933751250383,2434.933751250383,78,2,201.917,35402.28098823106
1417,,,,1319.0,2436.933751250383,2436.933751250383,79,2,201.88,36408.981904291126
1418,,,,1317.0,2438.933751250383,2438.933751250383,80,2,201.837,42339.47774190895
1419,,,,1318.0,2440.933751250383,2440.933751250383,81,2,201.792,44335.424208742515
1420,,,,1320.0,2442.933751250383,2442.933751250383,82,2,201.75,41404.70761757901
1421,,,,1321.0,2444.933751250383,2444.933751250383,83,2,201.712,37484.63872359608
1422,,,,1320.0,2446.933751250383,2446.933751250383,84,2,201.681,30599.3543482403
1423,,,,1322.0,2448.933751250383,2448.933751250383,85,2,201.661,19755.156741946746
1424,,,,1324.0,2450.933751250383,2450.933751250383,86,2,201.651,9884.909930833956
1425,,,,1323.0,2452.933751250383,2452.933751250383,87,2,201.646,4946.304115413746
1483,,,,1282.0,2568.933751250383,2568.933751250383,145,2,201.638,8288.079031494759
1484,,,,1283.0,2570.933751250383,2570.933751250383,146,2,201.602,37321.31973075277
1485,,,,1283.0,2572.933751250383,2572.933751250383,147,2,201.564,39418.13753276257
1486,,,,1285.0,2574.933751250383,2574.933751250383,148,2,201.523,42554.815160597485
1487,,,,1288.0,2576.933751250383,2576.933751250383,149,2,201.483,41540.79053424821
1488,,,,1290.0,2578.933751250383,2578.933751250383,150,2,201.443,41564.77842624421
1489,,,,1292.0,2580.933751250383,2580.933751250383,151,2,201.402,42628.36653794712
1490,,,,1293.0,2582.933751250383,2582.933751250383,152,2,201.363,40572.29718055881
1491,,,,1295.0,2584.933751250383,2584.933751250383,153,2,201.325,39555.0284921049
1492,,,,1297.0,2586.933751250383,2586.933751250383,154,2,201.296,30205.06176199944
1493,,,,1299.0,2588.933751250383,2588.933751250383,155,2,201.271,26055.482335996247
1494,,,,1302.0,2590.933751250383,2590.933751250383,156,2,201.254,17729.565339770757
1495,,,,1305.0,2592.933751250383,2592.933751250383,157,2,201.24,14610.963881841582
1496,,,,1307.0,2594.933751250383,2594.933751250383,158,2,201.227,13576.877626843805
1497,,,,1307.0,2596.933751250383,2596.933751250383,159,2,201.219,8361.004803655911
1498,,,,1306.0,2598.933751250383,2598.933751250383,160,2,201.215,4183.597220993036
1521,,,,1259.0,2644.933751250383,2644.933751250383,183,2,201.182,35122.342421179164
1522,,,,1257.0,2646.933751250383,2646.933751250383,184,2,201.14,44726.62658816507
1523,,,,1257.0,2648.933751250383,2648.933751250383,185,2,201.098,44751.07619786038
1524,,,,1258.0,2650.933751250383,2650.933751250383,186,2,201.061,39445.58405936335
1525,,,,1261.0,2652.933751250383,2652.933751250383,187,2,201.023,40534.684148646484
1526,,,,1263.0,2654.933751250383,2654.933751250383,188,2,200.985,40557.575083942545
1527,,,,1263.0,2656.933751250383,2656.933751250383,189,2,200.948,39512.646077335405
1528,,,,1265.0,2658.933751250383,2658.933751250383,190,2,200.912,38466.6882219907
1529,,,,1264.0,2660.933751250383,2660.933751250383,191,2,200.876,38488.72500170746
1530,,,,1264.0,2662.933751250383,2662.933751250383,192,2,200.836,42789.29772328324
1531,,,,1263.0,2664.933751250383,2664.933751250383,193,2,200.795,43883.12030541316
1532,,,,1260.0,2666.933751250383,2666.933751250383,194,2,200.755,42836.28991257513
1533,,,,1260.0,2668.933751250383,2668.933751250383,195,2,200.712,46074.019531476035
1534,,,,1263.0,2670.933751250383,2670.933751250383,196,2,200.672,42882.80291246682
1535,,,,1267.0,2672.933751250383,2672.933751250383,197,2,200.639,35398.3646493715
1536,,,,1269.0,2674.933751250383,2674.933751250383,198,2,200.608,33272.58342953318
1537,,,,1269.0,2676.933751250383,2676.933751250383,199,2,200.581,28996.822117736887
1538,,,,1269.0,2678.933751250383,2678.933751250383,200,2,200.555,27940.03600026161
1539,,,,1270.0,2680.933751250383,2680.933751250383,201,2,200.532,24731.61653621438
1540,,,,1269.0,2682.933751250383,2682.933751250383,202,2,200.508,25823.130038435866
1541,,,,1266.0,2684.933751250383,2684.933751250383,203,2,200.487,22609.545201251753
1542,,,,1264.0,2686.933751250383,2686.933751250383,204,2,200.467,21546.736705957326
1543,,,,1261.0,2688.933751250383,2688.933751250383,205,2,200.445,23716.567777809785
1544,,,,1258.0,2690.933751250383,2690.933751250383,206,2,200.425,21574.292257255198
1545,,,,1252.0,2692.933751250383,2692.933751250383,207,2,200.404,22667.524794194935
1546,,,,1245.0,2694.933751250383,2694.933751250383,208,2,200.38,25922.071885468187
1547,,,,1239.0,2696.933751250383,2696.933751250383,209,2,200.352,30260.934368160826
1548,,,,1233.0,2698.933751250383,2698.933751250383,210,2,200.327,27035.151912937454
1549,,,,1225.0,2700.933751250383,2700.933751250383,211,2,200.299,30297.799980787102
1550,,,,1217.0,2702.933751250383,2702.933751250383,212,2,200.271,30315.99683669591
1551,,,,1213.0,2704.933751250383,2704.933751250383,213,2,200.244,29250.896617300987
1552,,,,1209.0,2706.933751250383,2706.933751250383,214,2,200.217,29268.577717891654
1553,,,,1208.0,2708.933751250383,2708.933751250383,215,2,200.192,27117.036360116534
1554,,,,1208.0,2710.933751250383,2710.933751250383,216,2,200.168,26048.386479615467
1555,,,,1209.0,2712.933751250383,2712.933751250383,217,2,200.145,24978.520921574578
1556,,,,1211.0,2714.933751250383,2714.933751250383,218,2,200.125,21734.130652270935
1557,,,,1210.0,2716.933751250383,2716.933751250383,219,2,200.104,22835.309244898395
1558,,,,1208.0,2718.933751250383,2718.933751250383,220,2,200.084,21761.6932009189
1559,,,,1208.0,2720.933751250383,2720.933751250383,221,2,200.061,25041.664825559736
1560,,,,1212.0,2722.933751250383,2722.933751250383,222,2,200.04,22878.41885300597
1561,,,,1216.0,2724.933751250383,2724.933751250383,223,2,200.021,20712.654707726557
1562,,,,1221.0,2726.933751250383,2726.933751250383,224,2,200.001,21816.669860833772
1563,,,,1227.0,2728.933751250383,2728.933751250383,225,2,199.979,24013.416280143392
1564,,,,1230.0,2730.933751250383,2730.933751250383,226,2,199.953,28396.882722143197
1565,,,,1231.0,2732.933751250383,2732.933751250383,227,2,199.921,34970.53282713154
1566,,,,1228.0,2734.933751250383,2734.933751250383,228,2,199.894,29523.62351940222
1567,,,,1229.0,2736.933751250383,2736.933751250383,229,2,199.884,10941.659012094902
1574,,,,1254.0,2750.933751250383,2750.933751250383,236,2,199.852,35188.712127654835
1575,,,,1258.0,2752.933751250383,2752.933751250383,237,2,199.826,28607.463451650023
1576,,,,1259.0,2754.933751250383,2754.933751250383,238,2,199.812,15413.667002730532
1584,,,,1274.0,2770.933751250383,2770.933751250383,246,2,199.781,34324.61764437177
1585,,,,1272.0,2772.933751250383,2772.933751250383,247,2,199.761,22158.069936852946
1586,,,,1278.0,2774.933751250383,2774.933751250383,248,2,199.76,1108.6443072385978
1594,,,,1295.0,2790.933751250383,2790.933751250383,256,2,199.753,7805.100210348637
1595,,,,1297.0,2792.933751250383,2792.933751250383,257,2,199.725,31240.036494286625
1596,,,,1299.0,2794.933751250383,2794.933751250383,258,2,199.712,14513.199386382428
1605,,,,1323.0,2813.933751250383,2813.933751250383,267,2,199.71,2247.8940935626497
1606,,,,1322.0,2815.933751250383,2815.933751250383,268,2,199.677,37113.3619926684
1607,,,,1325.0,2817.933751250383,2817.933751250383,269,2,199.652,28132.066673833
1608,,,,1328.0,2819.933751250383,2819.933751250383,270,2,199.639,14637.664177090603
1617,,,,1341.0,2837.933751250383,2837.933751250383,279,2,199.625,15863.186937640598
1618,,,,1342.0,2839.933751250383,2839.933751250383,280,2,199.591,38547.3977429226
1619,,,,1342.0,2841.933751250383,2841.933751250383,281,2,199.562,32896.62509576835
1620,,,,1344.0,2843.933751250383,2843.933751250383,282,2,199.545,19295.575750252487
1621,,,,1350.0,2845.933751250383,2845.933751250383,283,2,199.542,3407.3254889397735
1629,,,,1359.0,2861.933751250383,2861.933751250383,291,2,199.53,13705.411511748434
1630,,,,1359.0,2863.933751250383,2863.933751250383,292,2,199.509,23999.246463486383
1631,,,,1359.0,2865.933751250383,2865.933751250383,293,2,199.491,20583.13620144853
1632,,,,1360.0,2867.933751250383,2867.933751250383,294,2,199.472,21739.78961080827
1633,,,,1361.0,2869.933751250383,2869.933751250383,295,2,199.458,16028.63739941987
1634,,,,1360.0,2871.933751250383,2871.933751250383,296,2,199.447,12601.916063462924
1635,,,,1362.0,2873.933751250383,2873.933751250383,297,2,199.439,9170.97550642129
1636,,,,1364.0,2875.933751250383,2875.933751250383,298,2,199.426,14912.42110400829
1637,,,,1365.0,2877.933751250383,2877.933751250383,299,2,199.398,32138.09341143346
1638,,,,1361.0,2879.933751250383,2879.933751250383,300,2,199.364,39045.87684553818
1639,,,,1355.0,2881.933751250383,2881.933751250383,301,2,199.343,24129.99036337276
1640,,,,1358.0,2883.933751250383,2883.933751250383,302,2,199.34,3449.3260792330607
1648,,,,1371.0,2899.933751250383,2899.933751250383,310,2,199.327,15029.40255453262
1649,,,,1370.0,2901.933751250383,2901.933751250383,311,2,199.291,41643.46901001489
1650,,,,1374.0,2903.933751250383,2903.933751250383,312,2,199.26,35878.336715339174
1651,,,,1374.0,2905.933751250383,2905.933751250383,313,2,199.231,33581.66494761176
1652,,,,1375.0,2907.933751250383,2907.933751250383,314,2,199.208,26648.586966027902
1653,,,,1377.0,2909.933751250383,2909.933751250383,315,2,199.195,15071.242371898345
1664,,,,1378.0,2931.933751250383,2931.933751250383,326,2,199.167,32703.187804427114
1665,,,,1382.0,2933.933751250383,2933.933751250383,327,2,199.139,32720.89566830515
1666,,,,1382.0,2935.933751250383,2935.933751250383,328,2,199.132,8185.080897315538
1673,,,,1387.0,2949.933751250383,2949.933751250383,335,2,199.127,5874.188329190789
1674,,,,1389.0,2951.933751250383,2951.933751250383,336,2,199.092,41143.063727117165
1675,,,,1393.0,2953.933751250383,2953.933751250383,337,2,199.056,42339.70134694376
1676,,,,1395.0,2955.933751250383,2955.933751250383,338,2,199.028,32947.878080140756
1677,,,,1397.0,2957.933751250383,2957.933751250383,339,2,199.008,23547.282372232534
1686,,,,1418.0,2975.933751250383,2975.933751250383,348,2,199.0,9475.56352375288
1687,,,,1418.0,2977.933751250383,2977.933751250383,349,2,198.969,36738.88482859928
1688,,,,1418.0,2979.933751250383,2979.933751250383,350,2,198.938,36757.83147392938
1689,,,,1418.0,2981.933751250383,2981.933751250383,351,2,198.907,36776.77043122576
1690,,,,1418.0,2983.933751250383,2983.933751250383,352,2,198.878,34421.95853002229
1691,,,,1419.0,2985.933751250383,2985.933751250383,353,2,198.847,36814.995537671086
1692,,,,1419.0,2987.933751250383,2987.933751250383,354,2,198.819,33269.59056751635
1693,,,,1417.0,2989.933751250383,2989.933751250383,355,2,198.79,34475.91249812217
1694,,,,1415.0,2991.933751250383,2991.933751250383,356,2,198.759,36872.648397158024
1695,,,,1412.0,2993.933751250383,2993.933751250383,357,2,198.724,41651.321923684896
1696,,,,1408.0,2995.933751250383,2995.933751250383,358,2,198.691,39290.75738783921
1697,,,,1403.0,2997.933751250383,2997.933751250383,359,2,198.657,40501.581326512714
1698,,,,1399.0,2999.933751250383,2999.933751250383,360,2,198.624,39329.95046082504
1699,,,,1397.0,3001.933751250383,3001.933751250383,361,2,198.59,40541.94384434201
1700,,,,1398.0,3003.933751250383,3003.933751250383,362,2,198.555,41754.9044374076
1701,,,,1401.0,3005.933751250383,3005.933751250383,363,2,198.517,45355.74080611973
1702,,,,1407.0,3007.933751250383,3007.933751250383,364,2,198.479,45377.23136541218
1703,,,,1412.0,3009.933751250383,3009.933751250383,365,2,198.442,44204.11883576931
1704,,,,1413.0,3011.933751250383,3011.933751250383,366,2,198.407,41834.90140374464
1705,,,,1415.0,3013.933751250383,3013.933751250383,367,2,198.37,44246.804904742654
1706,,,,1418.0,3015.933751250383,3015.933751250383,368,2,198.334,43071.58738281878
1707,,,,1421.0,3017.933751250383,3017.933751250383,369,2,198.304,35910.816216854844
1708,,,,1423.0,3019.933751250383,3019.933751250383,370,2,198.276,33534.06915797448
1709,,,,1428.0,3021.933751250383,3021.933751250383,371,2,198.254,26362.32258845662
1710,,,,1431.0,3023.933751250383,3023.933751250383,372,2,198.239,17984.528472501413
1711,,,,1430.0,3025.933751250383,3025.933751250383,373,2,198.235,4798.8162323617935
1726,,,,1423.0,3055.933751250383,3055.933751250383,388,2,198.226,10904.026958607934
1727,,,,1425.0,3057.933751250383,3057.933751250383,389,2,198.193,40003.36031130284
1728,,,,1426.0,3059.933751250383,3059.933751250383,390,2,198.161,38810.14342539198
1729,,,,1427.0,3061.933751250383,3061.933751250383,391,2,198.124,44895.741414735
1730,,,,1430.0,3063.933751250383,3063.933751250383,392,2,198.091,40061.22487128939
1731,,,,1435.0,3065.933751250383,3065.933751250383,393,2,198.057,41295.15980549603
1732,,,,1440.0,3067.933751250383,3067.933751250383,394,2,198.03,32809.554244734754
1733,,,,1445.0,3069.933751250383,3069.933751250383,395,2,198.011,23100.57302280674
1734,,,,1449.0,3071.933751250383,3071.933751250383,396,2,197.998,15814.674367692229
1735,,,,1453.0,3073.933751250383,3073.933751250383,397,2,197.996,2434.518643762316
1748,,,,1464.0,3099.933751250383,3099.933751250383,410,2,197.993,3682.6189986892477
1749,,,,1466.0,3101.933751250383,3101.933751250383,411,2,197.967,31934.28389175058
1750,,,,1466.0,3103.933751250383,3103.933751250383,412,2,197.938,35637.02386190516
1751,,,,1468.0,3105.933751250383,3105.933751250383,413,2,197.902,44260.301379419936
1752,,,,1470.0,3107.933751250383,3107.933751250383,414,2,197.865,45510.65182642367
1753,,,,1470.0,3109.933751250383,3109.933751250383,415,2,197.837,34456.99614666844
1754,,,,1469.0,3111.933751250383,3111.933751250383,416,2,197.83,8619.026440863061
1762,,,,1496.0,3127.933751250383,3127.933751250383,424,2,197.793,45786.85377543202
1763,,,,1498.0,3129.933751250383,3129.933751250383,425,2,197.765,34665.96937378354
1764,,,,1499.0,3131.933751250383,3131.933751250383,426,2,197.748,21058.248733885906
1765,,,,1500.0,3134.933751250383,3134.933751250383,427,2,197.746,2479.6949780106397
1775,,,,1523.0,3154.933751250383,3154.933751250383,437,2,197.734,14972.558399334586
1776,,,,1519.0,3156.933751250383,3156.933751250383,438,2,197.703,38699.42076559651
1777,,,,1517.0,3158.933751250383,3158.933751250383,439,2,197.671,39966.728734953154
1778,,,,1513.0,3160.933751250383,3160.933751250383,440,2,197.636,43733.873344189466
1779,,,,1510.0,3162.933751250383,3162.933751250383,441,2,197.6,45003.790227932775
1780,,,,1506.0,3164.933751250383,3164.933751250383,442,2,197.549,63781.64075049936
1781,,,,1501.0,3166.933751250383,3166.933751250383,443,2,197.514,43789.84219995379
1782,,,,1498.0,3168.933751250383,3168.933751250383,444,2,197.48,42558.13381683272
1783,,,,1492.0,3170.933751250383,3170.933751250383,445,2,197.442,47586.31695860762
1784,,,,1486.0,3172.933751250383,3172.933751250383,446,2,197.405,46354.46479656621
1785,,,,1481.0,3174.933751250383,3174.933751250383,447,2,197.369,45121.726681781984
1786,,,,1478.0,3176.933751250383,3176.933751250383,448,2,197.333,45141.91579749874
1787,,,,1474.0,3178.933751250383,3178.933751250383,449,2,197.3,41398.90138087109
1788,,,,1470.0,3180.933751250383,3180.933751250383,450,2,197.265,43927.97939470515
1789,,,,1466.0,3182.933751250383,3182.933751250383,451,2,197.232,41436.707930195465
1790,,,,1461.0,3184.933751250383,3184.933751250383,452,2,197.199,41455.807946485234
1791,,,,1453.0,3186.933751250383,3186.933751250383,453,2,197.164,43988.30642308385
1792,,,,1447.0,3188.933751250383,3188.933751250383,454,2,197.127,46522.611475399775
1793,,,,1443.0,3190.933751250383,3190.933751250383,455,2,197.09,46543.05223282459
1794,,,,1437.0,3192.933751250383,3192.933751250383,456,2,197.055,44046.760568526086
1795,,,,1431.0,3194.933751250383,3194.933751250383,457,2,197.023,40289.699290421406
1796,,,,1426.0,3196.933751250383,3196.933751250383,458,2,196.99,41567.90411832044
1797,,,,1421.0,3198.933751250383,3198.933751250383,459,2,196.959,39066.719323518904
1798,,,,1415.0,3200.933751250383,3200.933751250383,460,2,196.928,39084.991966849004
1799,,,,1408.0,3202.933751250383,3202.933751250383,461,2,196.898,37841.95762559943
1800,,,,1402.0,3204.933751250383,3204.933751250383,462,2,196.868,37859.818304847184
1801,,,,1398.0,3206.933751250383,3206.933751250383,463,2,196.839,36615.17572569791
1802,,,,1394.0,3208.933751250383,3208.933751250383,464,2,196.811,35369.50959302134
1803,,,,1388.0,3210.933751250383,3210.933751250383,465,2,196.783,35386.5192489353
1804,,,,1380.0,3212.933751250383,3212.933751250383,466,2,196.756,34139.197859383086
1805,,,,1375.0,3214.933751250383,3214.933751250383,467,2,196.726,37950.556869286534
1806,,,,1368.0,3216.933751250383,3216.933751250383,468,2,196.694,40499.394445355145
1807,,,,1360.0,3218.933751250383,3218.933751250383,469,2,196.662,40517.98094899661
1808,,,,1352.0,3220.933751250383,3220.933751250383,470,2,196.628,43069.87519102058
1809,,,,1343.0,3222.933751250383,3222.933751250383,471,2,196.595,41821.945389425244
1810,,,,1336.0,3224.933751250383,3224.933751250383,472,2,196.559,45644.24174540908
1811,,,,1330.0,3226.933751250383,3226.933751250383,473,2,196.525,43127.504906990805
1812,,,,1324.0,3228.933751250383,3228.933751250383,474,2,196.49,44415.678938664096
1813,,,,1318.0,3230.933751250383,3230.933751250383,475,2,196.455,44435.27420097353
1814,,,,1313.0,3232.933751250383,3232.933751250383,476,2,196.421,43184.83073553805
1815,,,,1310.0,3234.933751250383,3234.933751250383,477,2,196.386,44474.66177095499
1816,,,,1309.0,3236.933751250383,3236.933751250383,478,2,196.355,39409.57455040214
1817,,,,1306.0,3238.933751250383,3238.933751250383,479,2,196.324,39427.69926169609
1818,,,,1301.0,3240.933751250383,3240.933751250383,480,2,196.293,39445.81628506234
1819,,,,1296.0,3242.933751250383,3242.933751250383,481,2,196.258,44555.59104454378
1820,,,,1294.0,3244.933751250383,3244.933751250383,482,2,196.218,50942.34475825587
1821,,,,1292.0,3246.933751250383,3246.933751250383,483,2,196.18,48415.43178465731
1822,,,,1288.0,3248.933751250383,3248.933751250383,484,2,196.144,45886.84866092173
1823,,,,1285.0,3250.933751250383,3250.933751250383,485,2,196.105,49731.845006794254
1824,,,,1282.0,3252.933751250383,3252.933751250383,486,2,196.065,51028.12116910436
1825,,,,1281.0,3254.933751250383,3254.933751250383,487,2,196.024,52325.172503350404
1826,,,,1278.0,3256.933751250383,3256.933751250383,488,2,195.984,51069.76343839624
1827,,,,1274.0,3258.933751250383,3258.933751250383,489,2,195.944,51090.695490428545
1828,,,,1267.0,3260.933751250383,3260.933751250383,490,2,195.902,53666.92156108525
1829,,,,1261.0,3262.933751250383,3262.933751250383,491,2,195.86,53688.32499477451
1830,,,,1256.0,3264.933751250383,3264.933751250383,492,2,195.818,53709.71431653643
1831,,,,1249.0,3266.933751250383,3266.933751250383,493,2,195.776,53731.089526262025
1832,,,,1243.0,3268.933751250383,3268.933751250383,494,2,195.734,53752.450623987614
1833,,,,1238.0,3270.933751250383,3270.933751250383,495,2,195.692,53773.797609713205
1834,,,,1232.0,3272.933751250383,3272.933751250383,496,2,195.651,52514.42823363465
1835,,,,1226.0,3274.933751250383,3274.933751250383,497,2,195.611,51254.285175295314
1836,,,,1220.0,3276.933751250383,3276.933751250383,498,2,195.569,53838.57968219528
1837,,,,1212.0,3278.933751250383,3278.933751250383,499,2,195.528,52577.62728581953
1838,,,,1205.0,3280.933751250383,3280.933751250383,500,2,195.484,56446.91658951008
1839,,,,1201.0,3282.933751250383,3282.933751250383,501,2,195.442,53902.13470493695
1840,,,,1200.0,3284.933751250383,3284.933751250383,502,2,195.402,51355.86588297446
1841,,,,1199.0,3286.933751250383,3286.933751250383,503,2,195.37,41102.133626972885
1842,,,,1194.0,3288.933751250383,3288.933751250383,504,2,195.338,41120.40729868684
1843,,,,1188.0,3290.933751250383,3290.933751250383,505,2,195.302,46280.53298118594
1844,,,,1182.0,3292.933751250383,3292.933751250383,506,2,195.266,46300.1237769027
1845,,,,1177.0,3294.933751250383,3294.933751250383,507,2,195.229,47606.240742168506
1846,,,,1173.0,3296.933751250383,3296.933751250383,508,2,195.193,46339.036885106136
1847,,,,1169.0,3298.933751250383,3298.933751250383,509,2,195.156,47646.21316208083
1848,,,,1166.0,3300.933751250383,3300.933751250383,510,2,195.122,43801.58196738635
1849,,,,1161.0,3302.933751250383,3302.933751250383,511,2,195.085,47686.631200151765
1850,,,,1156.0,3304.933751250383,3304.933751250383,512,2,195.048,47706.45760954085
1851,,,,1151.0,3306.933751250383,3306.933751250383,513,2,195.008,51595.57405109851
1852,,,,1149.0,3308.933751250383,3308.933751250383,514,2,194.969,50325.9142429637
1853,,,,1147.0,3310.933751250383,3310.933751250383,515,2,194.933,46473.82889328273
1854,,,,1145.0,3312.933751250383,3312.933751250383,516,2,194.897,46493.31471299948
1855,,,,1143.0,3314.933751250383,3314.933751250383,517,2,194.858,50388.468164508675
1856,,,,1141.0,3316.933751250383,3316.933751250383,518,2,194.82,49116.37219216448
1857,,,,1140.0,3318.933751250383,3318.933751250383,519,2,194.782,49136.40263945413
1858,,,,1140.0,3320.933751250383,3320.933751250383,520,2,194.742,51743.33594090864
1859,,,,1138.0,3322.933751250383,3322.933751250383,521,2,194.701,53057.8248444122
1860,,,,1137.0,3324.933751250383,3324.933751250383,522,2,194.66,53078.58074314049
1861,,,,1140.0,3326.933751250383,3326.933751250383,523,2,194.62,51804.35082745966
1862,,,,1144.0,3328.933751250383,3328.933751250383,524,2,194.583,47938.34710316036
1863,,,,1146.0,3330.933751250383,3330.933751250383,525,2,194.554,37589.49744764457
1864,,,,1149.0,3332.933751250383,3332.933751250383,526,2,194.526,36309.780190211066
1865,,,,1156.0,3334.933751250383,3334.933751250383,527,2,194.49,46704.333174352854
1866,,,,1159.0,3336.933751250383,3336.933751250383,528,2,194.453,48021.44988847335
1867,,,,1163.0,3338.933751250383,3338.933751250383,529,2,194.43,29864.455201707544
1868,,,,1168.0,3340.933751250383,3340.933751250383,530,2,194.428,2598.297633299849
1874,,,,1194.0,3352.933751250383,3352.933751250383,536,2,194.406,28682.16212912995
1875,,,,1198.0,3354.933751250383,3354.933751250383,537,2,194.373,43042.817032973464
1876,,,,1201.0,3356.933751250383,3356.933751250383,538,2,194.352,27403.4055215334
1877,,,,1204.0,3358.933751250383,3358.933751250383,539,2,194.346,7833.664987461425
1883,,,,1231.0,3370.933751250383,3370.933751250383,545,2,194.332,18342.909039972055
1884,,,,1234.0,3372.933751250383,3372.933751250383,546,2,194.299,43257.2783504952
1885,,,,1237.0,3374.933751250383,3374.933751250383,547,2,194.275,31473.876179001985
1886,,,,1240.0,3376.933751250383,3376.933751250383,548,2,194.268,9184.587793591107
1892,,,,1264.0,3388.933751250383,3388.933751250383,554,2,194.256,15800.185161250245
1893,,,,1267.0,3390.933751250383,3390.933751250383,555,2,194.222,44788.30750180959
1894,,,,1270.0,3392.933751250383,3392.933751250383,556,2,194.201,27675.763635720254
1895,,,,1271.0,3394.933751250383,3394.933751250383,557,2,194.198,3955.766622137104
1902,,,,1300.0,3409.933751250383,3409.933751250383,564,2,194.181,22513.893226401415
1903,,,,1302.0,3411.933751250383,3411.933751250383,565,2,194.143,50347.5589567955
1904,,,,1307.0,3413.933751250383,3413.933751250383,566,2,194.114,38439.02661731256
1905,,,,1310.0,3415.933751250383,3415.933751250383,567,2,194.103,14587.35908419514
1913,,,,1347.0,3431.933751250383,3431.933751250383,575,2,194.088,19983.686922494253
1914,,,,1352.0,3433.933751250383,3433.933751250383,576,2,194.056,42651.54502222688
1915,,,,1354.0,3435.933751250383,3435.933751250383,577,2,194.035,28002.554274606773
1916,,,,1358.0,3437.933751250383,3437.933751250383,578,2,194.031,5336.580796438488
1925,,,,1396.0,3455.933751250383,3455.933751250383,587,2,194.026,6705.496418538751
1926,,,,1394.0,3457.933751250383,3457.933751250383,588,2,193.991,46960.79781255762
1927,,,,1396.0,3459.933751250383,3459.933751250383,589,2,193.951,53690.14477313051
1928,,,,1396.0,3461.933751250383,3461.933751250383,590,2,193.926,33570.11194085125
1936,,,,1436.0,3477.933751250383,3477.933751250383,598,2,193.907,25628.29213039413
1937,,,,1436.0,3479.933751250383,3479.933751250383,599,2,193.874,44531.922269810486
1938,,,,1437.0,3481.933751250383,3481.933751250383,600,2,193.838,48599.54994833423
1939,,,,1441.0,3483.933751250383,3483.933751250383,601,2,193.813,33763.76006515673
1940,,,,1445.0,3485.933751250383,3485.933751250383,602,2,193.8,17565.512108573053
1949,,,,1465.0,3503.933751250383,3503.933751250383,611,2,193.765,47530.07295065138
1950,,,,1468.0,3505.933751250383,3505.933751250383,612,2,193.732,44831.78075665529
1951,,,,1466.0,3507.933751250383,3507.933751250383,613,2,193.7,43490.74525167655
1952,,,,1464.0,3509.933751250383,3509.933751250383,614,2,193.666,46227.38591454197
1953,,,,1466.0,3511.933751250383,3511.933751250383,615,2,193.632,46245.60721170907
1954,,,,1469.0,3513.933751250383,3513.933751250383,616,2,193.612,27214.99523139799
1955,,,,1472.0,3515.933751250383,3515.933751250383,617,2,193.604,10891.406427367963
1963,,,,1500.0,3531.933751250383,3531.933751250383,625,2,193.6,5470.315504902734
1964,,,,1497.0,3533.933751250383,3533.933751250383,626,2,193.568,43783.2340033072
1965,,,,1499.0,3535.933751250383,3535.933751250383,627,2,193.529,53381.22454502449
1966,,,,1501.0,3537.933751250383,3537.933751250383,628,2,193.494,47924.16069735152
1967,,,,1502.0,3539.933751250383,3539.933751250383,629,2,193.459,47942.57946966096
1968,,,,1505.0,3541.933751250383,3541.933751250383,630,2,193.423,49331.17488784689
1969,,,,1510.0,3543.933751250383,3543.933751250383,631,2,193.391,43866.98208181195
1970,,,,1511.0,3545.933751250383,3545.933751250383,632,2,193.362,39770.614966817855
1971,,,,1515.0,3547.933751250383,3547.933751250383,633,2,193.334,38415.210116446964
1972,,,,1518.0,3549.933751250383,3549.933751250383,634,2,193.311,31568.975110795396
1973,,,,1523.0,3551.933751250383,3551.933751250383,635,2,193.295,21971.182397401342
1974,,,,1525.0,3553.933751250383,3553.933751250383,636,2,193.286,12364.949371410063
1975,,,,1526.0,3555.933751250383,3555.933751250383,637,2,193.285,1374.6208661611754
1984,,,,1557.0,3573.933751250383,3573.933751250383,646,2,193.266,26248.645644119686
1985,,,,1560.0,3575.933751250383,3575.933751250383,647,2,193.232,46991.10226167488
1986,,,,1563.0,3577.933751250383,3577.933751250383,648,2,193.195,51156.577610702465
1987,,,,1564.0,3579.933751250383,3579.933751250383,649,2,193.162,45643.37132293294
1988,,,,1567.0,3581.933751250383,3581.933751250383,650,2,193.137,34592.43565436466
1989,,,,1571.0,3583.933751250383,3583.933751250383,651,2,193.131,8306.153533368213
1998,,,,1603.0,3601.933751250383,3601.933751250383,660,2,193.119,16694.96293704616
1999,,,,1605.0,3603.933751250383,3603.933751250383,661,2,193.081,52889.89015986531
2000,,,,1605.0,3605.933751250383,3605.933751250383,662,2,193.048,45947.7345833884
2001,,,,1606.0,3607.933751250383,3607.933751250383,663,2,193.021,37608.60713613129
2002,,,,1604.0,3609.933751250383,3609.933751250383,664,2,193.007,19509.497085761894
2011,,,,1626.0,3627.933751250383,3627.933751250383,673,2,193.005,2800.851926388699
2012,,,,1624.0,3629.933751250383,3629.933751250383,674,2,192.967,53240.00601380476
2013,,,,1622.0,3631.933751250383,3631.933751250383,675,2,192.933,47653.14997668414
2014,,,,1620.0,3633.933751250383,3633.933751250383,676,2,192.899,47670.9895218114
2015,,,,1621.0,3635.933751250383,3635.933751250383,677,2,192.861,53298.71654754452
2016,,,,1624.0,3637.933751250383,3637.933751250383,678,2,192.824,51914.56971745588
2017,,,,1628.0,3639.933751250383,3639.933751250383,679,2,192.788,50529.67681273977
2018,,,,1629.0,3641.933751250383,3641.933751250383,680,2,192.764,33699.71619989138
2019,,,,1633.0,3643.933751250383,3643.933751250383,681,2,192.748,22476.48301302007
2027,,,,1659.0,3659.933751250383,3659.933751250383,689,2,192.737,15519.345183102198
2028,,,,1664.0,3661.933751250383,3661.933751250383,690,2,192.696,57868.63457336875
2029,,,,1665.0,3663.933751250383,3663.933751250383,691,2,192.663,46593.68493276888
2030,,,,1666.0,3665.933751250383,3665.933751250383,692,2,192.643,28250.125399200057
2038,,,,1684.0,3682.933751250383,3682.933751250383,700,2,192.619,34053.46614898269
2039,,,,1688.0,3684.933751250383,3684.933751250383,701,2,192.578,58196.442473391624
2040,,,,1690.0,3686.933751250383,3686.933751250383,702,2,192.539,55376.13375375373
2041,,,,1692.0,3688.933751250383,3688.933751250383,703,2,192.507,45453.093925861365
2042,,,,1694.0,3690.933751250383,3690.933751250383,704,2,192.485,31261.55926873825
2043,,,,1694.0,3692.933751250383,3692.933751250383,705,2,192.479,8529.879291698438
2053,,,,1703.0,3712.933751250383,3712.933751250383,715,2,192.471,11434.350780364653
2054,,,,1703.0,3714.933751250383,3714.933751250383,716,2,192.438,47187.07736360322
2055,,,,1703.0,3716.933751250383,3716.933751250383,717,2,192.405,47204.38587585235
2056,,,,1703.0,3718.933751250383,3718.933751250383,718,2,192.374,44359.99590605196
2057,,,,1701.0,3720.933751250383,3720.933751250383,719,2,192.347,38651.07655028068
2058,,,,1700.0,3722.933751250383,3722.933751250383,720,2,192.322,35802.43007900148
2059,,,,1698.0,3724.933751250383,3724.933751250383,721,2,192.302,28653.978382833204
2060,,,,1696.0,3726.933751250383,3726.933751250383,722,2,192.283,27233.13351777576
2061,,,,1695.0,3728.933751250383,3728.933751250383,723,2,192.263,28678.93116614051
2062,,,,1693.0,3730.933751250383,3730.933751250383,724,2,192.239,34429.2357413599
2063,,,,1689.0,3732.933751250383,3732.933751250383,725,2,192.211,40183.5386586978
2064,,,,1683.0,3734.933751250383,3734.933751250383,726,2,192.185,37328.033450401716
2065,,,,1676.0,3736.933751250383,3736.933751250383,727,2,192.159,37342.96970797003
2066,,,,1672.0,3738.933751250383,3738.933751250383,728,2,192.136,33047.63155654006
2067,,,,1667.0,3740.933751250383,3740.933751250383,729,2,192.115,30186.608231866645
2068,,,,1664.0,3742.933751250383,3742.933751250383,730,2,192.093,31637.431995437404
2069,,,,1662.0,3744.933751250383,3744.933751250383,731,2,192.075,25896.306768307408
2070,,,,1656.0,3746.933751250383,3746.933751250383,732,2,192.062,18711.36657521951
2071,,,,1648.0,3748.933751250383,3748.933751250383,733,2,192.051,15840.156089969129
2072,,,,1641.0,3750.933751250383,3750.933751250383,734,2,192.047,5762.904607937648
2073,,,,1636.0,3752.933751250383,3752.933751250383,735,2,192.043,5765.857298057601
2074,,,,1635.0,3754.933751250383,3754.933751250383,736,2,192.037,8653.16973108181
2075,,,,1636.0,3756.933751250383,3756.933751250383,737,2,192.03,10100.399925297585
2076,,,,1633.0,3758.933751250383,3758.933751250383,738,2,192.018,17323.331871603143
2077,,,,1627.0,3760.933751250383,3760.933751250383,739,2,192.003,21664.163101355196
2078,,,,1623.0,3762.933751250383,3762.933751250383,740,2,191.981,31787.93977787031
2079,,,,1620.0,3764.933751250383,3764.933751250383,741,2,191.959,31801.190617999095
2080,,,,1615.0,3766.933751250383,3766.933751250383,742,2,191.935,34706.47837206166
2081,,,,1609.0,3768.933751250383,3768.933751250383,743,2,191.911,34720.56347238022
2082,,,,1602.0,3770.933751250383,3770.933751250383,744,2,191.884,39076.16901467284
2083,,,,1594.0,3772.933751250383,3772.933751250383,745,2,191.852,46329.93619100846
2084,,,,1589.0,3774.933751250383,3774.933751250383,746,2,191.818,49243.18029962412
2085,,,,1586.0,3776.933751250383,3776.933751250383,747,2,191.785,47811.82288679213
2086,,,,1582.0,3778.933751250383,3778.933751250383,748,2,191.755,43481.167528638805
2087,,,,1578.0,3780.933751250383,3780.933751250383,749,2,191.727,40597.76103030379
2088,,,,1574.0,3782.933751250383,3782.933751250383,750,2,191.699,40613.30438218182
2089,,,,1569.0,3784.933751250383,3784.933751250383,751,2,191.669,43530.67447048236
2090,,,,1564.0,3786.933751250383,3786.933751250383,752,2,191.64,42095.40788851893
2091,,,,1562.0,3788.933751250383,3788.933751250383,753,2,191.613,39207.246128115854
2092,,,,1559.0,3790.933751250383,3790.933751250383,754,2,191.583,43580.1194923259
2093,,,,1556.0,3792.933751250383,3792.933751250383,755,2,191.552,45049.37585635337
2094,,,,1552.0,3794.933751250383,3794.933751250383,756,2,191.521,45065.83636368347
2095,,,,1548.0,3796.933751250383,3796.933751250383,757,2,191.488,47990.57337135886
2096,,,,1546.0,3798.933751250383,3798.933751250383,758,2,191.453,50916.86213731009
2097,,,,1546.0,3800.933751250383,3800.933751250383,759,2,191.419,49479.21764508513
2098,,,,1546.0,3802.933751250383,3802.933751250383,760,2,191.388,45129.47947597067
2099,,,,1543.0,3804.933751250383,3804.933751250383,761,2,191.356,46602.09803805001
2100,,,,1538.0,3806.933751250383,3806.933751250383,762,2,191.325,45162.077660738294
2101,,,,1534.0,3808.933751250383,3808.933751250383,763,2,191.288,53921.86006655255
2102,,,,1529.0,3810.933751250383,3810.933751250383,764,2,191.254,49566.63544843752
2103,,,,1526.0,3812.933751250383,3812.933751250383,765,2,191.215,56874.82939735376
2104,,,,1524.0,3814.933751250383,3814.933751250383,766,2,191.177,55434.405586325105
2105,,,,1522.0,3816.933751250383,3816.933751250383,767,2,191.142,51075.02031954535
2106,,,,1519.0,3818.933751250383,3818.933751250383,768,2,191.104,55471.34172583169
2107,,,,1513.0,3820.933751250383,3820.933751250383,769,2,191.066,55489.35756519958
2108,,,,1508.0,3822.933751250383,3822.933751250383,770,2,191.024,61349.599794643196
2109,,,,1503.0,3824.933751250383,3824.933751250383,771,2,190.981,62829.18415880461
2110,,,,1498.0,3826.933751250383,3826.933751250383,772,2,190.938,62847.88458779249
2111,,,,1494.0,3828.933751250383,3828.933751250383,773,2,190.897,59942.85767525163
2112,,,,1489.0,3830.933751250383,3830.933751250383,774,2,190.853,64348.19421972741
2113,,,,1483.0,3832.933751250383,3832.933751250383,775,2,190.811,61441.49874396583
2114,,,,1476.0,3834.933751250383,3834.933751250383,776,2,190.767,64386.359441139524
2115,,,,1470.0,3836.933751250383,3836.933751250383,777,2,190.722,65868.66089236578
2116,,,,1465.0,3838.933751250383,3838.933751250383,778,2,190.678,64423.45063999974
2117,,,,1461.0,3840.933751250383,3840.933751250383,779,2,190.633,65906.56303301825
2118,,,,1455.0,3842.933751250383,3842.933751250383,780,2,190.587,67390.14741400718
2119,,,,1449.0,3844.933751250383,3844.933751250383,781,2,190.541,67408.94789433024
2120,,,,1443.0,3846.933751250383,3846.933751250383,782,2,190.494,68893.37088965708
2121,,,,1436.0,3848.933751250383,3848.933751250383,783,2,190.446,70378.21551366607
2122,,,,1430.0,3850.933751250383,3850.933751250383,784,2,190.397,71863.4569687547
2123,,,,1423.0,3852.933751250383,3852.933751250383,785,2,190.348,71882.27779483951
2124,,,,1418.0,3854.933751250383,3854.933751250383,786,2,190.301,68966.7038415836
2125,,,,1411.0,3856.933751250383,3856.933751250383,787,2,190.255,67517.84690946732
2126,,,,1406.0,3858.933751250383,3858.933751250383,788,2,190.21,66068.51533510811
2127,,,,1403.0,3860.933751250383,3860.933751250383,789,2,190.169,60213.34289403698
2128,,,,1398.0,3862.933751250383,3862.933751250383,790,2,190.128,60231.54678880702
2129,,,,1391.0,3864.933751250383,3864.933751250383,791,2,190.085,63188.41642362655
2130,,,,1382.0,3866.933751250383,3866.933751250383,792,2,190.04,66146.31864875573
2131,,,,1376.0,3868.933751250383,3868.933751250383,793,2,189.992,70575.29430505158
2132,,,,1373.0,3870.933751250383,3870.933751250383,794,2,189.947,66182.34143321597
2133,,,,1369.0,3872.933751250383,3872.933751250383,795,2,189.904,63258.923608896366
2134,,,,1362.0,3874.933751250383,3874.933751250383,796,2,189.863,60334.45060235059
2135,,,,1358.0,3876.933751250383,3876.933751250383,797,2,189.819,64768.08626387531
2136,,,,1354.0,3878.933751250383,3878.933751250383,798,2,189.777,61841.964922067236
2137,,,,1349.0,3880.933751250383,3880.933751250383,799,2,189.734,63332.85310141123
2138,,,,1344.0,3882.933751250383,3882.933751250383,800,2,189.691,63351.13195844097
2139,,,,1339.0,3884.933751250383,3884.933751250383,801,2,189.648,63369.39602342885
2140,,,,1335.0,3886.933751250383,3886.933751250383,802,2,189.605,63387.645296416726
2141,,,,1331.0,3888.933751250383,3888.933751250383,803,2,189.565,58982.680418452575
2142,,,,1328.0,3890.933751250383,3890.933751250383,804,2,189.527,56050.830589918485
2143,,,,1322.0,3892.933751250383,3892.933751250383,805,2,189.486,60494.37249436442
2144,,,,1315.0,3894.933751250383,3894.933751250383,806,2,189.443,63463.84411135237
2145,,,,1311.0,3896.933751250383,3896.933751250383,807,2,189.399,64958.175752429146
2146,,,,1307.0,3898.933751250383,3898.933751250383,808,2,189.354,66452.97847891167
2147,,,,1303.0,3900.933751250383,3900.933751250383,809,2,189.31,64994.29983128936
2148,,,,1297.0,3902.933751250383,3902.933751250383,810,2,189.265,66489.89151960613
2149,,,,1292.0,3904.933751250383,3904.933751250383,811,2,189.218,69463.69892579707
2150,,,,1286.0,3906.933751250383,3906.933751250383,812,2,189.172,68003.85445822767
2151,,,,1281.0,3908.933751250383,3908.933751250383,813,2,189.125,69500.68183094363
2152,,,,1277.0,3910.933751250383,3910.933751250383,814,2,189.08,66561.0614726058
2153,,,,1272.0,3912.933751250383,3912.933751250383,815,2,189.036,65099.88576467924
2154,,,,1266.0,3915.933751250383,3915.933751250383,816,2,188.992,65134.634581194405
2155,,,,1261.0,3917.933751250383,3917.933751250383,817,2,188.946,68113.85811967164
2156,,,,1261.0,3919.933751250383,3919.933751250383,818,2,188.901,66651.08436487314
2157,,,,1261.0,3921.933751250383,3921.933751250383,819,2,188.857,65187.84140022956
2158,,,,1262.0,3923.933751250383,3923.933751250383,820,2,188.812,66687.66611552562
2159,,,,1265.0,3925.933751250383,3925.933751250383,821,2,188.768,65223.578895089784
2160,,,,1266.0,3927.933751250383,3927.933751250383,822,2,188.724,65241.59697560494
2161,,,,1264.0,3929.933751250383,3929.933751250383,823,2,188.678,68225.5834491008
2162,,,,1264.0,3931.933751250383,3931.933751250383,824,2,188.631,69727.03761227056
2163,,,,1262.0,3933.933751250383,3933.933751250383,825,2,188.585,68261.3666799251
2164,,,,1259.0,3935.933751250383,3935.933751250383,826,2,188.539,68279.41368033199
2165,,,,1256.0,3937.933751250383,3937.933751250383,827,2,188.494,66812.89392156478
2166,,,,1252.0,3939.933751250383,3939.933751250383,828,2,188.45,65345.913068994814
2167,,,,1246.0,3941.933751250383,3941.933751250383,829,2,188.406,65363.82097346776
2168,,,,1240.0,3943.933751250383,3943.933751250383,830,2,188.36,68353.2466112742
2169,,,,1234.0,3945.933751250383,3945.933751250383,831,2,188.313,69857.35508262042
2170,,,,1230.0,3947.933751250383,3947.933751250383,832,2,188.266,69875.32037326515
2171,,,,1227.0,3949.933751250383,3949.933751250383,833,2,188.219,69893.26799195212
2172,,,,1225.0,3951.933751250383,3951.933751250383,834,2,188.171,71398.48054239302
2173,,,,1224.0,3953.933751250383,3953.933751250383,835,2,188.126,66953.40339572333
2174,,,,1221.0,3955.933751250383,3955.933751250383,836,2,188.06,98219.01501376358
2175,,,,1218.0,3957.933751250383,3957.933751250383,837,2,188.016,65493.2913111671
2176,,,,1217.0,3959.933751250383,3959.933751250383,838,2,187.97,68488.4639642793
2177,,,,1218.0,3961.933751250383,3961.933751250383,839,2,187.925,67017.1989341632
2178,,,,1221.0,3963.933751250383,3963.933751250383,840,2,187.878,70013.93518953188
2179,,,,1223.0,3965.933751250383,3965.933751250383,841,2,187.828,74501.25529733842
2180,,,,1225.0,3967.933751250383,3967.933751250383,842,2,187.781,70048.40653354564
2181,,,,1228.0,3969.933751250383,3969.933751250383,843,2,187.74,61122.533180330356
2182,,,,1227.0,3971.933751250383,3971.933751250383,844,2,187.704,53684.59303096219
2183,,,,1224.0,3973.933751250383,3973.933751250383,845,2,187.665,58175.9699926745
2184,,,,1226.0,3975.933751250383,3975.933751250383,846,2,187.621,65652.94004593127
2185,,,,1230.0,3977.933751250383,3977.933751250383,847,2,187.58,61193.51357751394
2186,,,,1231.0,3979.933751250383,3979.933751250383,848,2,187.546,50761.20536466295
2187,,,,1228.0,3981.933751250383,3981.933751250383,849,2,187.513,49284.18299671782
2188,,,,1223.0,3983.933751250383,3983.933751250383,850,2,187.472,61250.53130621287
2189,,,,1223.0,3985.933751250383,3985.933751250383,851,2,187.424,71726.90974122337
2190,,,,1230.0,3987.933751250383,3987.933751250383,852,2,187.379,67261.02901966916
2191,,,,1236.0,3989.933751250383,3989.933751250383,853,2,187.344,52329.1980774378
2192,,,,1237.0,3991.933751250383,3991.933751250383,854,2,187.312,47859.26180824431
2193,,,,1237.0,3993.933751250383,3993.933751250383,855,2,187.289,34411.02627453607
2194,,,,1236.0,3995.933751250383,3995.933751250383,856,2,187.279,14967.489133369922
2195,,,,1234.0,3997.933751250383,3997.933751250383,857,2,187.277,2994.900148280977
2204,,,,1216.0,4015.933751250383,4015.933751250383,866,2,187.261,24065.916725199717
2205,,,,1217.0,4017.933751250383,4017.933751250383,867,2,187.24,31599.12436329723
2206,,,,1216.0,4019.933751250383,4019.933751250383,868,2,187.215,37632.10732062011
2207,,,,1217.0,4021.933751250383,4021.933751250383,869,2,187.186,43668.66453364947
2208,,,,1219.0,4023.933751250383,4023.933751250383,870,2,187.158,42177.392773016196
2209,,,,1222.0,4025.933751250383,4025.933751250383,871,2,187.125,49725.67255321563
2210,,,,1226.0,4027.933751250383,4027.933751250383,872,2,187.094,46727.20955424309
2211,,,,1227.0,4029.933751250383,4029.933751250383,873,2,187.061,49758.055469050334
2212,,,,1230.0,4031.933751250383,4031.933751250383,874,2,187.022,58822.83706531455
2213,,,,1236.0,4033.933751250383,4033.933751250383,875,2,186.986,54314.04579975757
2214,,,,1239.0,4035.933751250383,4035.933751250383,876,2,186.952,51312.42583253988
2215,,,,1241.0,4037.933751250383,4037.933751250383,877,2,186.925,40761.64504211856
2216,,,,1242.0,4039.933751250383,4039.933751250383,878,2,186.914,16613.13273000701
2222,,,,1264.0,4051.933751250383,4051.933751250383,884,2,186.89,36351.09705485893
2223,,,,1268.0,4053.933751250383,4053.933751250383,885,2,186.852,57574.76170624666
2224,,,,1268.0,4055.933751250383,4055.933751250383,886,2,186.826,39405.94351980911
2225,,,,1269.0,4057.933751250383,4057.933751250383,887,2,186.821,7581.173861760364
2233,,,,1300.0,4073.933751250383,4073.933751250383,895,2,186.787,51749.844191850745
2234,,,,1304.0,4075.933751250383,4075.933751250383,896,2,186.745,63944.65081082886
2235,,,,1307.0,4077.933751250383,4077.933751250383,897,2,186.711,51779.58011822428
2236,,,,1306.0,4079.933751250383,4079.933751250383,898,2,186.685,39609.204517545026
2237,,,,1306.0,4081.933751250383,4081.933751250383,899,2,186.667,27431.966338144033
2238,,,,1311.0,4083.933751250383,4083.933751250383,900,2,186.656,16770.890397991927
2239,,,,1316.0,4085.933751250383,4085.933751250383,901,2,186.652,6101.247027276244
2246,,,,1346.0,4099.933751250383,4099.933751250383,908,2,186.651,1530.5175691068296
2247,,,,1346.0,4101.933751250383,4101.933751250383,909,2,186.61,62774.767650939364
2248,,,,1348.0,4103.933751250383,4103.933751250383,910,2,186.57,61260.23989169605
2249,,,,1349.0,4105.933751250383,4105.933751250383,911,2,186.538,49022.61536194172
2250,,,,1348.0,4107.933751250383,4107.933751250383,912,2,186.523,22987.648097650934
2257,,,,1370.0,4121.933751250383,4121.933751250383,919,2,186.497,39976.65692514924
2258,,,,1370.0,4123.933751250383,4123.933751250383,920,2,186.458,59983.62677573
2259,,,,1372.0,4125.933751250383,4125.933751250383,921,2,186.425,50770.18831390744
2260,,,,1372.0,4127.933751250383,4127.933751250383,922,2,186.404,32319.2816634666
2261,,,,1373.0,4129.933751250383,4129.933751250383,923,2,186.388,24633.70020792447
2262,,,,1374.0,4131.933751250383,4131.933751250383,924,2,186.369,29263.937356990344
2263,,,,1376.0,4133.933751250383,4133.933751250383,925,2,186.351,27734.39617978982
2264,,,,1379.0,4135.933751250383,4135.933751250383,926,2,186.349,3082.9250181967554
2272,,,,1403.0,4151.933751250383,4151.933751250383,934,2,186.313,55701.64568190703
2273,,,,1406.0,4153.933751250383,4153.933751250383,935,2,186.28,51074.979059907855
2274,,,,1407.0,4155.933751250383,4155.933751250383,936,2,186.265,23224.085090416487
2282,,,,1420.0,4171.933751250383,4171.933751250383,944,2,186.244,32635.740264614255
2283,,,,1421.0,4173.933751250383,4173.933751250383,945,2,186.2,68400.48961024801
2284,,,,1425.0,4175.933751250383,4175.933751250383,946,2,186.164,55978.82623262363
2285,,,,1427.0,4177.933751250383,4177.933751250383,947,2,186.143,32664.953603641432
2286,,,,1423.0,4179.933751250383,4179.933751250383,948,2,186.139,6224.456387117473
2292,,,,1437.0,4191.933751250383,4191.933751250383,954,2,186.13,14044.742870820766
2293,,,,1435.0,4193.933751250383,4193.933751250383,955,2,186.088,65564.4205869649
2294,,,,1437.0,4195.933751250383,4195.933751250383,956,2,186.049,60897.0257371536
2295,,,,1438.0,4197.933751250383,4197.933751250383,957,2,186.021,43733.905903207684
2296,,,,1435.0,4199.933751250383,4199.933751250383,958,2,186.002,29686.96712485112
2297,,,,1434.0,4201.933751250383,4201.933751250383,959,2,185.997,7815.575767649848
2305,,,,1443.0,4217.933751250383,4217.933751250383,967,2,185.973,37654.67561886395
2306,,,,1443.0,4219.933751250383,4219.933751250383,968,2,185.936,58068.95963527945
2307,,,,1441.0,4221.933751250383,4221.933751250383,969,2,185.899,58084.92124666852
2308,,,,1439.0,4223.933751250383,4223.933751250383,970,2,185.864,54960.579910808
2309,,,,1438.0,4225.933751250383,4225.933751250383,971,2,185.832,50264.40549136917
2310,,,,1436.0,4227.933751250383,4227.933751250383,972,2,185.801,48708.430817140725
2311,,,,1435.0,4229.933751250383,4229.933751250383,973,2,185.773,44008.53530322584
2312,,,,1432.0,4231.933751250383,4231.933751250383,974,2,185.741,50311.12434115723
2313,,,,1430.0,4233.933751250383,4233.933751250383,975,2,185.71,48753.66670091618
2314,,,,1427.0,4235.933751250383,4235.933751250383,976,2,185.679,48768.55519824628
2315,,,,1421.0,4237.933751250383,4237.933751250383,977,2,185.644,55077.479601038736
2316,,,,1411.0,4239.933751250383,4239.933751250383,978,2,185.607,58240.94686817153
2317,,,,1404.0,4241.933751250383,4241.933751250383,979,2,185.566,64554.14232636218
2318,,,,1400.0,4243.933751250383,4243.933751250383,980,2,185.526,62995.59454474775
2319,,,,1396.0,4245.933751250383,4245.933751250383,981,2,185.488,59861.43286190075
2320,,,,1392.0,4247.933751250383,4247.933751250383,982,2,185.45,59877.36189322714
2321,,,,1391.0,4249.933751250383,4249.933751250383,983,2,185.413,58317.297689193794
2322,,,,1388.0,4251.933751250383,4251.933751250383,984,2,185.374,61485.908633194886
2323,,,,1383.0,4253.933751250383,4253.933751250383,985,2,185.332,66232.26813802552
2324,,,,1377.0,4255.933751250383,4255.933751250383,986,2,185.287,70979.84599294023
2325,,,,1370.0,4257.933751250383,4257.933751250383,987,2,185.237,78883.33226243277
2326,,,,1361.0,4259.933751250383,4259.933751250383,988,2,185.19,74165.74054469333
2327,,,,1352.0,4261.933751250383,4261.933751250383,989,2,185.144,72603.59279642352
2328,,,,1347.0,4263.933751250383,4263.933751250383,990,2,185.1,69462.61906312725
2329,,,,1343.0,4265.933751250383,4265.933751250383,991,2,185.061,61584.20982854701
2330,,,,1339.0,4267.933751250383,4267.933751250383,992,2,185.025,56862.091089551126
2331,,,,1333.0,4269.933751250383,4269.933751250383,993,2,184.992,52138.28653562605
2332,,,,1326.0,4271.933751250383,4271.933751250383,994,2,184.958,53733.66430333975
2333,,,,1319.0,4273.933751250383,4273.933751250383,995,2,184.925,52168.229444533106
2334,,,,1312.0,4275.933751250383,4275.933751250383,996,2,184.89,55345.655407692655
2335,,,,1307.0,4277.933751250383,4277.933751250383,997,2,184.853,58524.23418254185
2336,,,,1301.0,4279.933751250383,4279.933751250383,998,2,184.818,55375.85864154141
2337,,,,1298.0,4281.933751250383,4281.933751250383,999,2,184.78,60138.577722613554
2338,,,,1297.0,4283.933751250383,4283.933751250383,1000,2,184.742,60154.29516993994
2339,,,,1295.0,4285.933751250383,4285.933751250383,1001,2,184.708,53836.89962956847
2340,,,,1289.0,4287.933751250383,4287.933751250383,1002,2,184.672,57019.57088532935
2341,,,,1286.0,4289.933751250383,4289.933751250383,1003,2,184.635,58619.19486331165
2342,,,,1287.0,4291.933751250383,4291.933751250383,1004,2,184.6,55465.62555249732
2343,,,,1284.0,4293.933751250383,4293.933751250383,1005,2,184.569,49140.80409948529
2344,,,,1280.0,4295.933751250383,4295.933751250383,1006,2,184.537,50740.95754202064
2345,,,,1274.0,4297.933751250383,4297.933751250383,1007,2,184.504,52341.754393365874
2346,,,,1267.0,4299.933751250383,4299.933751250383,1008,2,184.47,53943.1677017382
2347,,,,1260.0,4302.933751250383,4302.933751250383,1009,2,184.439,49209.12060445023
2348,,,,1257.0,4304.933751250383,4304.933751250383,1010,2,184.408,49223.71887978033
2349,,,,1251.0,4306.933751250383,4306.933751250383,1011,2,184.374,54002.86785021003
2350,,,,1246.0,4308.933751250383,4308.933751250383,1012,2,184.344,47663.44304680796
2351,,,,1240.0,4310.933751250383,4310.933751250383,1013,2,184.313,49266.933021985475
2352,,,,1233.0,4312.933751250383,4312.933751250383,1014,2,184.282,49281.500297270395
2353,,,,1226.0,4314.933751250383,4314.933751250383,1015,2,184.249,52476.16605933239
2354,,,,1220.0,4316.933751250383,4316.933751250383,1016,2,184.214,55672.062627538515
2355,,,,1215.0,4318.933751250383,4318.933751250383,1017,2,184.185,46141.635375774014
2356,,,,1208.0,4320.933751250383,4320.933751250383,1018,2,184.154,49338.62092706566
2357,,,,1201.0,4322.933751250383,4322.933751250383,1019,2,184.121,52536.93809895661
2358,,,,1194.0,4324.933751250383,4324.933751250383,1020,2,184.086,55736.48086112731
2359,,,,1188.0,4326.933751250383,4326.933751250383,1021,2,184.053,52566.13112032626
2360,,,,1181.0,4328.933751250383,4328.933751250383,1022,2,184.019,54174.21632545481
2361,,,,1174.0,4330.933751250383,4330.933751250383,1023,2,183.986,52595.574079278245
2362,,,,1169.0,4332.933751250383,4332.933751250383,1024,2,183.932,86084.87327420032
2363,,,,1167.0,4334.933751250383,4334.933751250383,1025,2,183.897,55808.002137598254
2364,,,,1163.0,4336.933751250383,4336.933751250383,1026,2,183.861,57417.91496972635
2365,,,,1158.0,4338.933751250383,4338.933751250383,1027,2,183.825,57433.147029443106
2366,,,,1156.0,4340.933751250383,4340.933751250383,1028,2,183.787,60639.61485022897
2367,,,,1156.0,4342.933751250383,4342.933751250383,1029,2,183.749,60655.01096960072
2368,,,,1155.0,4344.933751250383,4344.933751250383,1030,2,183.71,62266.81544070753
2369,,,,1156.0,4346.933751250383,4346.933751250383,1031,2,183.668,67072.6487620108
2370,,,,1160.0,4348.933751250383,4348.933751250383,1032,2,183.628,63893.838844003105
2371,,,,1161.0,4350.933751250383,4350.933751250383,1033,2,183.587,65506.85363607669
2372,,,,1159.0,4352.933751250383,4352.933751250383,1034,2,183.553,54336.62731274514
2373,,,,1158.0,4354.933751250383,4354.933751250383,1035,2,183.518,55949.94604517757
2374,,,,1155.0,4356.933751250383,4356.933751250383,1036,2,183.487,49569.5106127165
2375,,,,1150.0,4358.933751250383,4358.933751250383,1037,2,183.455,51183.227793613805
2376,,,,1144.0,4360.933751250383,4360.933751250383,1038,2,183.425,47998.18123976403
2377,,,,1141.0,4362.933751250383,4362.933751250383,1039,2,183.4,40010.829332569636
2378,,,,1141.0,4364.933751250383,4364.933751250383,1040,2,183.378,35221.15677118615
2379,,,,1137.0,4366.933751250383,4366.933751250383,1041,2,183.361,27225.92358899028
2380,,,,1133.0,4368.933751250383,4368.933751250383,1042,2,183.345,25633.827522962158
2381,,,,1129.0,4370.933751250383,4370.933751250383,1043,2,183.332,20835.371376402454
2382,,,,1130.0,4372.933751250383,4372.933751250383,1044,2,183.322,16033.536516294995
2383,,,,1129.0,4374.933751250383,4374.933751250383,1045,2,183.316,9624.101764145991
2384,,,,1126.0,4376.933751250383,4376.933751250383,1046,2,183.312,6418.825869398742
2385,,,,1120.0,4378.933751250383,4378.933751250383,1047,2,183.307,8027.001564786648
2386,,,,1117.0,4380.933751250383,4380.933751250383,1048,2,183.304,4818.29551041632
2405,,,,1154.0,4418.933751250383,4418.933751250383,1067,2,183.29,22679.364394498563
2406,,,,1156.0,4420.933751250383,4420.933751250383,1068,2,183.251,63197.68564654496
2407,,,,1156.0,4422.933751250383,4422.933751250383,1069,2,183.215,58350.77424308823
2408,,,,1158.0,4424.933751250383,4424.933751250383,1070,2,183.182,53502.32090470232
2409,,,,1158.0,4426.933751250383,4426.933751250383,1071,2,183.156,42165.605470675495
2410,,,,1157.0,4428.933751250383,4428.933751250383,1072,2,183.14,25956.811477599884
2411,,,,1156.0,4430.933751250383,4430.933751250383,1073,2,183.135,8114.7012986887885
2426,,,,1190.0,4460.933751250383,4460.933751250383,1088,2,183.115,32676.339727879335
2427,,,,1194.0,4462.933751250383,4462.933751250383,1089,2,183.074,67005.36714489649
2428,,,,1197.0,4464.933751250383,4464.933751250383,1090,2,183.034,65385.91863214445
2429,,,,1197.0,4466.933751250383,4466.933751250383,1091,2,182.995,63766.0644673998
2430,,,,1199.0,4468.933751250383,4468.933751250383,1092,2,182.954,67051.47533078417
2431,,,,1201.0,4470.933751250383,4470.933751250383,1093,2,182.92,55617.1461204025
2432,,,,1202.0,4472.933751250383,4472.933751250383,1094,2,182.896,39270.497595539324
2433,,,,1205.0,4474.933751250383,4474.933751250383,1095,2,182.88,26189.173884743243
2434,,,,1206.0,4476.933751250383,4476.933751250383,1096,2,182.873,11462.163652255758
2453,,,,1243.0,4514.933751250383,4514.933751250383,1115,2,182.854,31373.430344789504
2454,,,,1246.0,4516.933751250383,4516.933751250383,1116,2,182.817,61113.33222488885
2455,,,,1248.0,4518.933751250383,4518.933751250383,1117,2,182.796,34695.79943753882
2456,,,,1251.0,4520.933751250383,4520.933751250383,1118,2,182.795,1652.8126910612705
2462,,,,1270.0,4532.933751250383,4532.933751250383,1124,2,182.76,57996.28091033602
2463,,,,1276.0,4534.933751250383,4534.933751250383,1125,2,182.723,61325.32411166808
2464,,,,1280.0,4536.933751250383,4536.933751250383,1126,2,182.688,58024.59246427684
2465,,,,1282.0,4538.933751250383,4538.933751250383,1127,2,182.66,46432.13030823714
2466,,,,1282.0,4540.933751250383,4540.933751250383,1128,2,182.638,36493.468384199434
2467,,,,1287.0,4542.933751250383,4542.933751250383,1129,2,182.635,4978.233120385214
2476,,,,1318.0,4560.933751250383,4560.933751250383,1138,2,182.605,49975.063299202586
2477,,,,1321.0,4562.933751250383,4562.933751250383,1139,2,182.572,54987.189129830316
2478,,,,1321.0,4564.933751250383,4564.933751250383,1140,2,182.538,56667.90070523328
2479,,,,1322.0,4566.933751250383,4566.933751250383,1141,2,182.506,53348.216457344046
2480,,,,1324.0,4568.933751250383,4568.933751250383,1142,2,182.485,35020.01367483283
2481,,,,1326.0,4570.933751250383,4570.933751250383,1143,2,182.479,10009.357593548448
2501,,,,1408.0,4610.933751250383,4610.933751250383,1163,2,182.478,1682.792549063121
2502,,,,1411.0,4612.933751250383,4612.933751250383,1164,2,182.473,8417.473927255236
2510,,,,1451.0,4628.933751250383,4628.933751250383,1172,2,182.443,50675.15966314046
2511,,,,1454.0,4630.933751250383,4630.933751250383,1173,2,182.409,57446.58499441515
2512,,,,1459.0,4632.933751250383,4632.933751250383,1174,2,182.386,38871.63455910328
2513,,,,1464.0,4634.933751250383,4634.933751250383,1175,2,182.38,10143.997468251966
2521,,,,1505.0,4650.933751250383,4650.933751250383,1183,2,182.357,39016.45534347909
2522,,,,1508.0,4652.933751250383,4652.933751250383,1184,2,182.322,59388.952961522555
2523,,,,1514.0,4654.933751250383,4654.933751250383,1185,2,182.3,37340.40759345051
2524,,,,1518.0,4656.933751250383,4656.933751250383,1186,2,182.296,6791.597671915967
2532,,,,1556.0,4673.933751250383,4673.933751250383,1194,2,182.263,56229.512275906825
2533,,,,1561.0,4675.933751250383,4675.933751250383,1195,2,182.232,52834.98865253233
2534,,,,1563.0,4677.933751250383,4677.933751250383,1196,2,182.222,17048.916673766566
2541,,,,1606.0,4691.933751250383,4691.933751250383,1203,2,182.207,25648.150875541654
2542,,,,1609.0,4693.933751250383,4693.933751250383,1204,2,182.172,59862.98102213437
2543,,,,1610.0,4695.933751250383,4695.933751250383,1205,2,182.138,58166.37124719891
2544,,,,1612.0,4697.933751250383,4697.933751250383,1206,2,182.118,34225.011129926694
2545,,,,1616.0,4699.933751250383,4699.933751250383,1207,2,182.117,1711.880369894857
2552,,,,1644.0,4713.933751250383,4713.933751250383,1214,2,182.092,42921.42744018973
2553,,,,1652.0,4715.933751250383,4715.933751250383,1215,2,182.056,61822.72237141402
2554,,,,1656.0,4717.933751250383,4717.933751250383,1216,2,182.02,61836.71214313078
2555,,,,1659.0,4719.933751250383,4719.933751250383,1217,2,181.989,53261.049310636074
2556,,,,1664.0,4721.933751250383,4721.933751250383,1218,2,181.973,27497.67123154623
2557,,,,1668.0,4723.933751250383,4723.933751250383,1219,2,181.971,3438.494690346557
2578,,,,1775.0,4765.933751250383,4765.933751250383,1240,2,181.961,17344.75801958477
2579,,,,1781.0,4767.933751250383,4767.933751250383,1241,2,181.948,22556.222045298156
2580,,,,1788.0,4769.933751250383,4769.933751250383,1242,2,181.947,1735.755042419546
2591,,,,1824.0,4791.933751250383,4791.933751250383,1253,2,181.929,31386.054342060906
2592,,,,1832.0,4793.933751250383,4793.933751250383,1254,2,181.891,66276.90114045577
2593,,,,1839.0,4795.933751250383,4795.933751250383,1255,2,181.856,61057.7279975566
2594,,,,1842.0,4797.933751250383,4797.933751250383,1256,2,181.824,55837.20149292071
2595,,,,1844.0,4799.933751250383,4799.933751250383,1257,2,181.79,59340.985774958644
2596,,,,1849.0,4801.933751250383,4801.933751250383,1258,2,181.759,54117.884613343405
2597,,,,1854.0,4803.933751250383,4803.933751250383,1259,2,181.735,41908.82627940011
2598,,,,1858.0,4805.933751250383,4805.933751250383,1260,2,181.72,26201.109773436434
2599,,,,1860.0,4807.933751250383,4807.933751250383,1261,2,181.711,15726.169540331864
2600,,,,1863.0,4809.933751250383,4809.933751250383,1262,2,181.71,1748.030933821512
2616,,,,1887.0,4841.933751250383,4841.933751250383,1278,2,181.695,26393.744023123185
2617,,,,1891.0,4843.933751250383,4843.933751250383,1279,2,181.662,58082.548789729
2618,,,,1895.0,4845.933751250383,4845.933751250383,1280,2,181.626,63376.90490247537
2619,,,,1898.0,4847.933751250383,4847.933751250383,1281,2,181.589,65151.16352604589
2620,,,,1899.0,4849.933751250383,4849.933751250383,1282,2,181.554,61642.68222805511
2621,,,,1900.0,4851.933751250383,4851.933751250383,1283,2,181.515,68701.88267020392
2622,,,,1902.0,4853.933751250383,4853.933751250383,1284,2,181.483,56382.98380273311
2623,,,,1904.0,4855.933751250383,4855.933751250383,1285,2,181.456,47585.00897314354
2624,,,,1906.0,4857.933751250383,4857.933751250383,1286,2,181.438,31732.470193073816
2625,,,,1907.0,4859.933751250383,4859.933751250383,1287,2,181.431,12344.635102636024
2631,,,,1921.0,4871.933751250383,4871.933751250383,1293,2,181.401,53030.804005012375
2632,,,,1926.0,4873.933751250383,4873.933751250383,1294,2,181.362,68955.23034681659
2633,,,,1932.0,4875.933751250383,4875.933751250383,1295,2,181.326,63663.935773448364
2634,,,,1934.0,4877.933751250383,4877.933751250383,1296,2,181.287,68983.28546232152
2635,,,,1936.0,4879.933751250383,4879.933751250383,1297,2,181.241,81379.18065675806
2636,,,,1941.0,4881.933751250383,4881.933751250383,1298,2,181.195,81391.87288917306
2637,,,,1945.0,4883.933751250383,4883.933751250383,1299,2,181.15,79635.10387933477
2638,,,,1948.0,4885.933751250383,4885.933751250383,1300,2,181.105,79647.9268976925
2639,,,,1950.0,4887.933751250383,4887.933751250383,1301,2,181.057,84970.74543457958
2640,,,,1951.0,4889.933751250383,4889.933751250383,1302,2,181.011,81442.47253858158
2641,,,,1952.0,4891.933751250383,4891.933751250383,1303,2,180.967,77913.98539801428
2642,,,,1954.0,4893.933751250383,4893.933751250383,1304,2,180.921,81468.57127917158
2643,,,,1958.0,4895.933751250383,4895.933751250383,1305,2,180.875,81481.14538348594
2644,,,,1958.0,4897.933751250383,4897.933751250383,1306,2,180.834,72636.69548846637
2645,,,,1952.0,4899.933751250383,4899.933751250383,1307,2,180.791,76193.35734023583
2646,,,,1941.0,4901.933751250383,4901.933751250383,1308,2,180.742,86838.32992966111
2647,,,,1931.0,4903.933751250383,4903.933751250383,1309,2,180.691,90394.61786327789
2648,,,,1922.0,4905.933751250383,4905.933751250383,1310,2,180.639,92178.37420163034
2649,,,,1914.0,4907.933751250383,4907.933751250383,1311,2,180.587,92189.41041595396
2650,,,,1906.0,4909.933751250383,4909.933751250383,1312,2,180.534,93973.2498678155
2651,,,,1897.0,4911.933751250383,4911.933751250383,1313,2,180.482,92210.90710733991
2652,,,,1889.0,4913.933751250383,4913.933751250383,1314,2,180.427,97541.56039266344
2653,,,,1883.0,4915.933751250383,4915.933751250383,1315,2,180.373,95778.12046236508
2654,,,,1879.0,4917.933751250383,4917.933751250383,1316,2,180.321,92241.19821660897
2655,,,,1874.0,4919.933751250383,4919.933751250383,1317,2,180.271,88704.43756156406
2656,,,,1870.0,4921.933751250383,4921.933751250383,1318,2,180.219,92264.0106953757
2657,,,,1865.0,4923.933751250383,4923.933751250383,1319,2,180.168,90500.60735338366
2658,,,,1858.0,4925.933751250383,4925.933751250383,1320,2,180.115,94060.70005418746
2659,,,,1851.0,4927.933751250383,4927.933751250383,1321,2,180.063,92296.53277824586
2660,,,,1848.0,4929.933751250383,4929.933751250383,1322,2,180.012,90532.44066953375
2661,,,,1843.0,4931.933751250383,4931.933751250383,1323,2,179.959,94093.71559167678
2662,,,,1836.0,4933.933751250383,4933.933751250383,1324,2,179.906,94104.15367786225
2663,,,,1830.0,4935.933751250383,4935.933751250383,1325,2,179.855,90563.5795764917
2664,,,,1823.0,4937.933751250383,4937.933751250383,1326,2,179.805,88798.86264870534
2665,,,,1817.0,4939.933751250383,4939.933751250383,1327,2,179.756,87034.16845714531
2666,,,,1812.0,4941.933751250383,4941.933751250383,1328,2,179.702,95926.55160727947
2667,,,,1807.0,4943.933751250383,4943.933751250383,1329,2,179.652,88831.11846236169
2668,,,,1803.0,4945.933751250383,4945.933751250383,1330,2,179.601,90618.91843481382
2669,,,,1799.0,4947.933751250383,4947.933751250383,1331,2,179.552,87076.19727759031
2670,,,,1795.0,4949.933751250383,4949.933751250383,1332,2,179.504,85310.56382347319
2671,,,,1791.0,4951.933751250383,4951.933751250383,1333,2,179.457,83544.90129027641
2672,,,,1786.0,4953.933751250383,4953.933751250383,1334,2,179.413,78224.00103366317
2673,,,,1781.0,4955.933751250383,4955.933751250383,1335,2,179.367,81792.13591862295
2674,,,,1774.0,4957.933751250383,4957.933751250383,1336,2,179.318,87138.48691075611
2675,,,,1767.0,4959.933751250383,4959.933751250383,1337,2,179.271,83593.15114462009
2676,,,,1764.0,4961.933751250383,4961.933751250383,1338,2,179.222,87162.10729802433
2677,,,,1763.0,4963.933751250383,4963.933751250383,1339,2,179.176,81836.940714746
2678,,,,1759.0,4965.933751250383,4965.933751250383,1340,2,179.129,83627.98795885785
2679,,,,1758.0,4967.933751250383,4967.933751250383,1341,2,179.084,80081.03037762715
2680,,,,1758.0,4970.933751250383,4970.933751250383,1342,2,179.04,78329.26986426268
2681,,,,1755.0,4972.933751250383,4972.933751250383,1343,2,178.996,78341.52957672723
2682,,,,1749.0,4974.933751250383,4974.933751250383,1344,2,178.951,80134.31751567527
2683,,,,1747.0,4976.933751250383,4976.933751250383,1345,2,178.903,85488.75122976105
2684,,,,1748.0,4978.933751250383,4978.933751250383,1346,2,178.859,78376.02505542216
2685,,,,1746.0,4980.933751250383,4980.933751250383,1347,2,178.814,80169.54829252236
2686,,,,1741.0,4982.933751250383,4982.933751250383,1348,2,178.769,80181.55798077917
2687,,,,1736.0,4984.933751250383,4984.933751250383,1349,2,178.721,85539.0704032592
2688,,,,1728.0,4986.933751250383,4986.933751250383,1350,2,178.671,89114.5113613641
2689,,,,1722.0,4988.933751250383,4988.933751250383,1351,2,178.617,96254.25275430796
2690,,,,1720.0,4990.933751250383,4990.933751250383,1352,2,178.569,85569.19981796095
2691,,,,1715.0,4992.933751250383,4992.933751250383,1353,2,178.499,124797.18080839084
2692,,,,1711.0,4994.933751250383,4994.933751250383,1354,2,178.458,73102.03924884272
2693,,,,1704.0,4996.933751250383,4996.933751250383,1355,2,178.418,71331.42917643506
2694,,,,1696.0,4998.933751250383,4998.933751250383,1356,2,178.376,74910.76189143526
2695,,,,1688.0,5000.933751250383,5000.933751250383,1357,2,178.328,85624.94749469204
2696,,,,1679.0,5002.933751250383,5002.933751250383,1358,2,178.277,90987.63070862557
2697,,,,1672.0,5004.933751250383,5004.933751250383,1359,2,178.228,87429.91144244741
2698,,,,1669.0,5006.933751250383,5006.933751250383,1360,2,178.18,85656.53973195427
2699,,,,1665.0,5008.933751250383,5008.933751250383,1361,2,178.133,83883.16595033077
2700,,,,1661.0,5010.933751250383,5010.933751250383,1362,2,178.088,80324.99243121572
2701,,,,1658.0,5012.933751250383,5012.933751250383,1363,2,178.047,73196.52762155807
2702,,,,1655.0,5014.933751250383,5014.933751250383,1364,2,178.007,71423.48887469394
2703,,,,1651.0,5016.933751250383,5016.933751250383,1365,2,177.967,71435.91900668993
2704,,,,1645.0,5018.933751250383,5018.933751250383,1366,2,177.927,71448.3363387367
2705,,,,1640.0,5020.933751250383,5020.933751250383,1367,2,177.881,82178.4662235714
2706,,,,1637.0,5022.933751250383,5022.933751250383,1368,2,177.837,78616.90971762038
2707,,,,1633.0,5024.933751250383,5024.933751250383,1369,2,177.794,76841.95524027036
2708,,,,1630.0,5026.933751250383,5026.933751250383,1370,2,177.749,80428.09980246512
2709,,,,1626.0,5028.933751250383,5028.933751250383,1371,2,177.705,78652.40317511506
2710,,,,1625.0,5030.933751250383,5030.933751250383,1372,2,177.664,73301.35374621711
2711,,,,1622.0,5032.933751250383,5032.933751250383,1373,2,177.622,75101.49783131525
2712,,,,1617.0,5034.933751250383,5034.933751250383,1374,2,177.58,75113.57860909167
2713,,,,1612.0,5036.933751250383,5036.933751250383,1375,2,177.538,75125.64527481726
2714,,,,1610.0,5038.933751250383,5038.933751250383,1376,2,177.495,76926.4739598415
2715,,,,1608.0,5040.933751250383,5040.933751250383,1377,2,177.452,76938.36542482938
2716,,,,1607.0,5042.933751250383,5042.933751250383,1378,2,177.412,71582.22570813439
2717,,,,1604.0,5044.933751250383,5044.933751250383,1379,2,177.368,78753.03023583881
2718,,,,1603.0,5046.933751250383,5046.933751250383,1380,2,177.324,78764.7091483031
2719,,,,1606.0,5048.933751250383,5048.933751250383,1381,2,177.277,84146.77698502103
2720,,,,1609.0,5050.933751250383,5050.933751250383,1382,2,177.234,76996.29772881005
2721,,,,1612.0,5052.933751250383,5052.933751250383,1383,2,177.189,80589.41725140215
2722,,,,1614.0,5054.933751250383,5054.933751250383,1384,2,177.14,87764.37143620485
2723,,,,1620.0,5056.933751250383,5056.933751250383,1385,2,177.093,84192.6422348085
2724,,,,1625.0,5058.933751250383,5058.933751250383,1386,2,177.05,77038.19694513024
2725,,,,1624.0,5060.933751250383,5060.933751250383,1387,2,177.01,71674.96815874509
2726,,,,1618.0,5062.933751250383,5062.933751250383,1388,2,176.965,80646.83885692603
2727,,,,1612.0,5064.933751250383,5064.933751250383,1389,2,176.916,87826.80722049742
2728,,,,1607.0,5066.933751250383,5066.933751250383,1390,2,176.865,91421.82936198468
2729,,,,1603.0,5068.933751250383,5068.933751250383,1391,2,176.813,93224.05826632361
2730,,,,1602.0,5070.933751250383,5070.933751250383,1392,2,176.76,95026.09873923023
2731,,,,1598.0,5072.933751250383,5072.933751250383,1393,2,176.708,93242.226853709
2732,,,,1591.0,5074.933751250383,5074.933751250383,1394,2,176.654,96837.5919713079
2733,,,,1588.0,5076.933751250383,5076.933751250383,1395,2,176.597,102225.61970006647
2734,,,,1587.0,5078.933751250383,5078.933751250383,1396,2,176.541,100439.61239476803
2735,,,,1587.0,5080.933751250383,5080.933751250383,1397,2,176.485,100447.2962342292
2736,,,,1591.0,5082.933751250383,5082.933751250383,1398,2,176.432,95074.24772661774
2737,,,,1600.0,5084.933751250383,5084.933751250383,1399,2,176.388,78938.91834908004
2738,,,,1607.0,5086.933751250383,5086.933751250383,1400,2,176.355,59214.54898319909
2739,,,,1612.0,5088.933751250383,5088.933751250383,1401,2,176.334,37691.03007166559
2740,,,,1614.0,5090.933751250383,5090.933751250383,1402,2,176.325,16158.272452066003
2751,,,,1643.0,5112.933751250383,5112.933751250383,1413,2,176.309,28847.908486998847
2752,,,,1649.0,5114.933751250383,5114.933751250383,1414,2,176.27,70333.31085617928
2753,,,,1653.0,5116.933751250383,5116.933751250383,1415,2,176.234,64934.62614183
2754,,,,1653.0,5118.933751250383,5118.933751250383,1416,2,176.194,72162.22336346371
2755,,,,1656.0,5120.933751250383,5120.933751250383,1417,2,176.153,73978.17142251882
2756,,,,1662.0,5122.933751250383,5122.933751250383,1418,2,176.118,63163.13484202917
2757,,,,1664.0,5124.933751250383,5124.933751250383,1419,2,176.089,52346.08871006609
2758,,,,1664.0,5126.933751250383,5126.933751250383,1420,2,176.066,41525.93316893933
2759,,,,1664.0,5128.933751250383,5128.933751250383,1421,2,176.047,34313.32074913635
2760,,,,1668.0,5130.933751250383,5130.933751250383,1422,2,176.033,25290.988171981357
2761,,,,1671.0,5132.933751250383,5132.933751250383,1423,2,176.023,18070.80124728561
2762,,,,1671.0,5134.933751250383,5134.933751250383,1424,2,176.015,14461.53446339913
2772,,,,1694.0,5154.933751250383,5154.933751250383,1434,2,176.004,19960.98086598765
2773,,,,1694.0,5156.933751250383,5156.933751250383,1435,2,175.963,74417.8905666743
2774,,,,1696.0,5158.933751250383,5158.933751250383,1436,2,175.919,79874.78075529807
2775,,,,1699.0,5160.933751250383,5160.933751250383,1437,2,175.879,72624.24687293243
2776,,,,1701.0,5162.933751250383,5162.933751250383,1438,2,175.844,63557.289172680146
2777,,,,1704.0,5164.933751250383,5164.933751250383,1439,2,175.811,59937.06768374292
2778,,,,1708.0,5166.933751250383,5166.933751250383,1440,2,175.783,50866.5613494759
2779,,,,1709.0,5168.933751250383,5168.933751250383,1441,2,175.757,47244.2612437459
2780,,,,1710.0,5170.933751250383,5170.933751250383,1442,2,175.727,54525.01435873675
2781,,,,1711.0,5172.933751250383,5172.933751250383,1443,2,175.693,61807.66088137504
2782,,,,1709.0,5174.933751250383,5174.933751250383,1444,2,175.656,67273.68854702979
2783,,,,1709.0,5176.933751250383,5176.933751250383,1445,2,175.617,70922.16493454458
2784,,,,1708.0,5178.933751250383,5178.933751250383,1446,2,175.579,69115.19107272507
2785,,,,1705.0,5180.933751250383,5180.933751250383,1447,2,175.54,70945.84683443457
2786,,,,1700.0,5182.933751250383,5182.933751250383,1448,2,175.499,74595.8871253067
2787,,,,1698.0,5184.933751250383,5184.933751250383,1449,2,175.457,76426.71160336373
2788,,,,1698.0,5186.933751250383,5186.933751250383,1450,2,175.416,74618.1552501957
2789,,,,1697.0,5188.933751250383,5188.933751250383,1451,2,175.373,78269.49791170852
2790,,,,1696.0,5190.933751250383,5190.933751250383,1452,2,175.331,76460.21167254049
2791,,,,1695.0,5192.933751250383,5192.933751250383,1453,2,175.289,76471.35013826608
2792,,,,1696.0,5194.933751250383,5194.933751250383,1454,2,175.245,80124.0399326438
2793,,,,1696.0,5196.933751250383,5196.933751250383,1455,2,175.202,78313.74321996263
2794,,,,1694.0,5198.933751250383,5198.933751250383,1456,2,175.161,74682.07506145706
2795,,,,1692.0,5200.933751250383,5200.933751250383,1457,2,175.119,76514.88912429822
2796,,,,1692.0,5202.933751250383,5202.933751250383,1458,2,175.074,81991.39406180035
2797,,,,1697.0,5204.933751250383,5204.933751250383,1459,2,175.032,76535.6985084441
2798,,,,1699.0,5206.933751250383,5206.933751250383,1460,2,174.995,67434.99380552114
2799,,,,1701.0,5208.933751250383,5208.933751250383,1461,2,174.959,65623.93927146523
2800,,,,1700.0,5210.933751250383,5210.933751250383,1462,2,174.924,63812.5996790996
2801,,,,1699.0,5212.933751250383,5212.933751250383,1463,2,174.89,62000.945046873545
2802,,,,1696.0,5214.933751250383,5214.933751250383,1464,2,174.855,63836.39516908105
2803,,,,1689.0,5216.933751250383,5216.933751250383,1465,2,174.816,71144.2072275822
2804,,,,1683.0,5218.933751250383,5218.933751250383,1466,2,174.772,80276.97093823356
2805,,,,1679.0,5220.933751250383,5220.933751250383,1467,2,174.728,80287.51922669685
2806,,,,1675.0,5222.933751250383,5222.933751250383,1468,2,174.685,78473.32088551456
2807,,,,1671.0,5224.933751250383,5224.933751250383,1469,2,174.644,74834.05617800653
2808,,,,1667.0,5226.933751250383,5226.933751250383,1470,2,174.605,71194.55404195598
2809,,,,1661.0,5228.933751250383,5228.933751250383,1471,2,174.563,76682.60628237983
2810,,,,1653.0,5230.933751250383,5230.933751250383,1472,2,174.518,82170.88131688772
2811,,,,1651.0,5232.933751250383,5232.933751250383,1473,2,174.472,84007.11129303394
2812,,,,1651.0,5234.933751250383,5234.933751250383,1474,2,174.429,78538.36569204705
2813,,,,1648.0,5236.933751250383,5236.933751250383,1475,2,174.386,78549.00499703492
2814,,,,1643.0,5238.933751250383,5238.933751250383,1476,2,174.344,76732.88141709183
2815,,,,1640.0,5240.933751250383,5240.933751250383,1477,2,174.3,80397.68469788971
2816,,,,1637.0,5242.933751250383,5242.933751250383,1478,2,174.255,82235.28481504756
2817,,,,1633.0,5244.933751250383,5244.933751250383,1479,2,174.21,82245.41278330305
2818,,,,1632.0,5246.933751250383,5246.933751250383,1480,2,174.162,87738.47062995205
2819,,,,1631.0,5248.933751250383,5248.933751250383,1481,2,174.114,87747.72725522629
2820,,,,1628.0,5250.933751250383,5250.933751250383,1482,2,174.065,89584.9782662658
2821,,,,1623.0,5252.933751250383,5252.933751250383,1483,2,174.016,89593.87522039229
2822,,,,1619.0,5254.933751250383,5254.933751250383,1484,2,173.965,93259.47218636438
2823,,,,1612.0,5256.933751250383,5256.933751250383,1485,2,173.915,91439.10566926995
2824,,,,1606.0,5258.933751250383,5258.933751250383,1486,2,173.865,91447.59900046172
2825,,,,1601.0,5260.933751250383,5260.933751250383,1487,2,173.817,87798.33448811063
2826,,,,1595.0,5262.933751250383,5262.933751250383,1488,2,173.767,91465.57824975144
2827,,,,1587.0,5264.933751250383,5264.933751250383,1489,2,173.718,89644.78972312078
2828,,,,1579.0,5266.933751250383,5266.933751250383,1490,2,173.666,95141.72274069313
2829,,,,1572.0,5268.933751250383,5268.933751250383,1491,2,173.614,95149.35628296639
2830,,,,1567.0,5270.933751250383,5270.933751250383,1492,2,173.564,91497.61189460107
2831,,,,1562.0,5272.933751250383,5272.933751250383,1493,2,173.513,93335.81540669671
2832,,,,1557.0,5274.933751250383,5274.933751250383,1494,2,173.463,91513.77066371344
2833,,,,1549.0,5276.933751250383,5276.933751250383,1495,2,173.415,87861.70683678238
2834,,,,1542.0,5278.933751250383,5278.933751250383,1496,2,173.361,98852.80664827829
2835,,,,1535.0,5280.933751250383,5280.933751250383,1497,2,173.307,98859.46005064099
2836,,,,1530.0,5282.933751250383,5282.933751250383,1498,2,173.257,91543.73262838565
2837,,,,1525.0,5284.933751250383,5284.933751250383,1499,2,173.208,89721.1840342333
2838,,,,1520.0,5286.933751250383,5286.933751250383,1500,2,173.16,87898.78413855177
2839,,,,1514.0,5288.933751250383,5288.933751250383,1501,2,173.111,89738.8145699939
2840,,,,1507.0,5290.933751250383,5290.933751250383,1502,2,173.061,91578.65592686113
2841,,,,1500.0,5292.933751250383,5292.933751250383,1503,2,173.014,86092.34625430148
2842,,,,1494.0,5294.933751250383,5294.933751250383,1504,2,172.973,75111.10799554268
2843,,,,1490.0,5296.933751250383,5296.933751250383,1505,2,172.933,73289.6466464381
2844,,,,1486.0,5298.933751250383,5298.933751250383,1506,2,172.896,67803.42352967449
2845,,,,1486.0,5300.933751250383,5300.933751250383,1507,2,172.863,60483.903245629415
2846,,,,1482.0,5303.933751250383,5303.933751250383,1508,2,172.834,53173.065594167434
2847,,,,1480.0,5305.933751250383,5305.933751250383,1509,2,172.801,60519.24159977141
2848,,,,1482.0,5307.933751250383,5307.933751250383,1510,2,172.768,60530.49283000906
2849,,,,1486.0,5309.933751250383,5309.933751250383,1511,2,172.738,55038.419119787526
2850,,,,1489.0,5311.933751250383,5311.933751250383,1512,2,172.703,64223.58974379266
2851,,,,1490.0,5313.933751250383,5313.933751250383,1513,2,172.666,67904.91547222823
2852,,,,1491.0,5315.933751250383,5315.933751250383,1514,2,172.626,73421.97587345527
2853,,,,1492.0,5317.933751250383,5317.933751250383,1515,2,172.588,69761.35691617771
2854,,,,1494.0,5319.933751250383,5319.933751250383,1516,2,172.549,71608.13302908344
2855,,,,1495.0,5321.933751250383,5321.933751250383,1517,2,172.512,67946.49593919898
2856,,,,1497.0,5323.933751250383,5323.933751250383,1518,2,172.473,71630.41412180604
2857,,,,1502.0,5325.933751250383,5325.933751250383,1519,2,172.434,71641.12146138694
2858,,,,1505.0,5327.933751250383,5327.933751250383,1520,2,172.397,67977.75876497584
2859,,,,1505.0,5329.933751250383,5329.933751250383,1521,2,172.365,58801.875838322114
2860,,,,1504.0,5331.933751250383,5331.933751250383,1522,2,172.339,47786.41118658553
2861,,,,1505.0,5333.933751250383,5333.933751250383,1523,2,172.317,40444.18996134506
2862,,,,1509.0,5335.933751250383,5335.933751250383,1524,2,172.302,27582.962301359512
2863,,,,1514.0,5337.933751250383,5337.933751250383,1525,2,172.292,18394.199430767014
2864,,,,1518.0,5339.933751250383,5339.933751250383,1526,2,172.279,23919.822063836866
2865,,,,1521.0,5341.933751250383,5341.933751250383,1527,2,172.258,38650.37040592093
2866,,,,1524.0,5343.933751250383,5343.933751250383,1528,2,172.224,62590.22554097722
2867,,,,1528.0,5345.933751250383,5345.933751250383,1529,2,172.163,112305.27529426444
2868,,,,1531.0,5347.933751250383,5347.933751250383,1530,2,172.12,79171.71505432636
2869,,,,1535.0,5349.933751250383,5349.933751250383,1531,2,172.076,81022.73508761708
2870,,,,1544.0,5351.933751250383,5351.933751250383,1532,2,172.038,69983.66257332318
2871,,,,1554.0,5353.933751250383,5353.933751250383,1533,2,172.008,55259.984741482775
2872,,,,1558.0,5355.933751250383,5355.933751250383,1534,2,171.991,31321.40952643093
2873,,,,1561.0,5357.933751250383,5357.933751250383,1535,2,171.982,16586.86091599645
2874,,,,1567.0,5359.933751250383,5359.933751250383,1536,2,171.979,5530.824519015509
2887,,,,1624.0,5385.933751250383,5385.933751250383,1549,2,171.951,51866.7574619283
2888,,,,1627.0,5387.933751250383,5387.933751250383,1550,2,171.912,72255.73147671862
2889,,,,1630.0,5389.933751250383,5389.933751250383,1551,2,171.871,75971.67138704463
2890,,,,1636.0,5391.933751250383,5391.933751250383,1552,2,171.831,74128.73656692829
2891,,,,1640.0,5393.933751250383,5393.933751250383,1553,2,171.801,55605.84728429225
2892,,,,1642.0,5395.933751250383,5395.933751250383,1554,2,171.776,46347.968261291666
2893,,,,1645.0,5397.933751250383,5397.933751250383,1555,2,171.758,33378.72791943815
2894,,,,1651.0,5399.933751250383,5399.933751250383,1556,2,171.749,16694.23538784388
2912,,,,1698.0,5435.933751250383,5435.933751250383,1574,2,171.721,52278.24463515942
2913,,,,1701.0,5437.933751250383,5437.933751250383,1575,2,171.684,69094.30467439255
2914,,,,1701.0,5439.933751250383,5439.933751250383,1576,2,171.648,67237.32004863721
2915,,,,1700.0,5441.933751250383,5441.933751250383,1577,2,171.614,63512.30815292281
2916,,,,1703.0,5443.933751250383,5443.933751250383,1578,2,171.581,61654.917844121264
2917,,,,1710.0,5445.933751250383,5445.933751250383,1579,2,171.552,54191.707990159324
2918,,,,1714.0,5447.933751250383,5447.933751250383,1580,2,171.529,42988.89886418562
2919,,,,1715.0,5449.933751250383,5449.933751250383,1581,2,171.512,31782.36230735795
2920,,,,1718.0,5451.933751250383,5451.933751250383,1582,2,171.509,5610.383301889761
2932,,,,1737.0,5475.933751250383,5475.933751250383,1594,2,171.488,39442.805826404976
2933,,,,1739.0,5477.933751250383,5477.933751250383,1595,2,171.449,73264.86050722563
2934,,,,1740.0,5479.933751250383,5479.933751250383,1596,2,171.414,65760.32840147059
2935,,,,1741.0,5481.933751250383,5481.933751250383,1597,2,171.388,48859.66419866572
2936,,,,1743.0,5483.933751250383,5483.933751250383,1598,2,171.376,22556.34081976389
2937,,,,1750.0,5485.933751250383,5485.933751250383,1599,2,171.369,13161.934545015592
2938,,,,1756.0,5487.933751250383,5487.933751250383,1600,2,171.368,1880.9179501112835
2949,,,,1765.0,5509.933751250383,5509.933751250383,1611,2,171.357,20772.312493862002
2950,,,,1767.0,5511.933751250383,5511.933751250383,1612,2,171.32,69886.078116869
2951,,,,1769.0,5513.933751250383,5513.933751250383,1613,2,171.28,75562.94812712021
2952,,,,1767.0,5515.933751250383,5515.933751250383,1614,2,171.244,68016.22891968087
2953,,,,1771.0,5517.933751250383,5517.933751250383,1615,2,171.21,64247.70848490828
2954,,,,1778.0,5519.933751250383,5519.933751250383,1616,2,171.184,49139.79711748598
2955,,,,1782.0,5521.933751250383,5521.933751250383,1617,2,171.162,41589.06250410606
2956,,,,1782.0,5523.933751250383,5523.933751250383,1618,2,171.142,37817.292375779565
2957,,,,1783.0,5525.933751250383,5525.933751250383,1619,2,171.122,37826.563788724816
2958,,,,1787.0,5527.933751250383,5527.933751250383,1620,2,171.104,34052.44780719873
2959,,,,1792.0,5529.933751250383,5529.933751250383,1621,2,171.083,39737.70025134981
2960,,,,1795.0,5531.933751250383,5531.933751250383,1622,2,171.063,37854.580105125635
2961,,,,1798.0,5533.933751250383,5533.933751250383,1623,2,171.042,39756.914525376356
2962,,,,1801.0,5535.933751250383,5535.933751250383,1624,2,171.024,34085.78486199513
2963,,,,1802.0,5537.933751250383,5537.933751250383,1625,2,171.01,26518.262857471374
2964,,,,1803.0,5539.933751250383,5539.933751250383,1626,2,171.004,11368.40941200132
2981,,,,1828.0,5573.933751250383,5573.933751250383,1643,2,170.988,30499.85202330503
2982,,,,1829.0,5575.933751250383,5575.933751250383,1644,2,170.946,80077.25591460506
2983,,,,1832.0,5577.933751250383,5577.933751250383,1645,2,170.903,81992.8762220534
2984,,,,1835.0,5579.933751250383,5579.933751250383,1646,2,170.864,74374.4515161557
2985,,,,1836.0,5581.933751250383,5581.933751250383,1647,2,170.826,72477.05585168106
2986,,,,1842.0,5583.933751250383,5583.933751250383,1648,2,170.791,66764.83437052506
2987,,,,1848.0,5585.933751250383,5585.933751250383,1649,2,170.761,57236.605338214285
2988,,,,1850.0,5587.933751250383,5587.933751250383,1650,2,170.734,51522.78878232257
2989,,,,1849.0,5589.933751250383,5589.933751250383,1651,2,170.708,49624.59215727523
2990,,,,1847.0,5591.933751250383,5591.933751250383,1652,2,170.676,61087.89477559994
2991,,,,1850.0,5593.933751250383,5593.933751250383,1653,2,170.646,57279.97967533066
2992,,,,1852.0,5595.933751250383,5595.933751250383,1654,2,170.618,53471.34059921183
2993,,,,1852.0,5597.933751250383,5597.933751250383,1655,2,170.59,53481.67382308986
2994,,,,1849.0,5599.933751250383,5599.933751250383,1656,2,170.559,59222.76577847611
2995,,,,1851.0,5601.933751250383,5601.933751250383,1657,2,170.526,63054.27392696805
2996,,,,1855.0,5603.933751250383,5603.933751250383,1658,2,170.496,57331.940871569415
2997,,,,1859.0,5605.933751250383,5605.933751250383,1659,2,170.467,55431.06369919299
2998,,,,1860.0,5607.933751250383,5607.933751250383,1660,2,170.436,59264.60462768909
2999,,,,1859.0,5609.933751250383,5609.933751250383,1661,2,170.403,63098.77892482973
3000,,,,1859.0,5611.933751250383,5611.933751250383,1662,2,170.368,66933.44967215051
3001,,,,1858.0,5613.933751250383,5613.933751250383,1663,2,170.331,70768.47975935014
3002,,,,1859.0,5615.933751250383,5615.933751250383,1664,2,170.295,68865.58979832547
3003,,,,1858.0,5617.933751250383,5617.933751250383,1665,2,170.262,63136.47992928623
3004,,,,1857.0,5620.933751250383,5620.933751250383,1666,2,170.233,55503.095291321006
3005,,,,1856.0,5622.933751250383,5622.933751250383,1667,2,170.202,59341.54699982596
3006,,,,1859.0,5624.933751250383,5624.933751250383,1668,2,170.171,59351.842847156055
3007,,,,1858.0,5626.933751250383,5626.933751250383,1669,2,170.136,67020.9730430302
3008,,,,1855.0,5628.933751250383,5628.933751250383,1670,2,170.095,78520.64812398233
3009,,,,1855.0,5630.933751250383,5630.933751250383,1671,2,170.055,76614.48461949747
3010,,,,1857.0,5632.933751250383,5632.933751250383,1672,2,170.019,68962.11525082063
3011,,,,1856.0,5634.933751250383,5634.933751250383,1673,2,169.986,63224.88645312787
3012,,,,1851.0,5636.933751250383,5636.933751250383,1674,2,169.953,63235.04954136319
3013,,,,1843.0,5638.933751250383,5638.933751250383,1675,2,169.92,63245.20391770743
3014,,,,1839.0,5640.933751250383,5640.933751250383,1676,2,169.886,65171.98656541548
3015,,,,1837.0,5642.933751250383,5642.933751250383,1677,2,169.858,53680.28076275855
3016,,,,1831.0,5644.933751250383,5644.933751250383,1678,2,169.828,57525.1489868193
3017,,,,1827.0,5646.933751250383,5646.933751250383,1679,2,169.801,51782.28650112145
3018,,,,1824.0,5648.933751250383,5648.933751250383,1680,2,169.778,44119.96330925722
3019,,,,1815.0,5650.933751250383,5650.933751250383,1681,2,169.744,65232.955189113396
3020,,,,1808.0,5652.933751250383,5652.933751250383,1682,2,169.718,49892.86112376096
3021,,,,1799.0,5654.933751250383,5654.933751250383,1683,2,169.696,42226.00105341516
3022,,,,1791.0,5656.933751250383,5656.933751250383,1684,2,169.672,46074.7750390659
3023,,,,1785.0,5658.933751250383,5658.933751250383,1685,2,169.648,46084.54561138446
3024,,,,1784.0,5660.933751250383,5660.933751250383,1686,2,169.621,51855.641987004754
3025,,,,1781.0,5662.933751250383,5662.933751250383,1687,2,169.596,48024.08495745845
3026,,,,1776.0,5664.933751250383,5664.933751250383,1688,2,169.572,46112.742013059906
3027,,,,1769.0,5666.933751250383,5666.933751250383,1689,2,169.549,44200.85353512153
3028,,,,1762.0,5668.933751250383,5668.933751250383,1690,2,169.525,46132.51302651708
3029,,,,1756.0,5670.933751250383,5670.933751250383,1691,2,169.5,48064.707875452455
3030,,,,1751.0,5672.933751250383,5672.933751250383,1692,2,169.475,48074.56795826339
3031,,,,1746.0,5674.933751250383,5674.933751250383,1693,2,169.45,48084.423041074326
3032,,,,1742.0,5676.933751250383,5676.933751250383,1694,2,169.428,42323.33502662037
3033,,,,1737.0,5678.933751250383,5678.933751250383,1695,2,169.402,50029.02119636047
3034,,,,1732.0,5680.933751250383,5680.933751250383,1696,2,169.378,46190.081669968255
3035,,,,1727.0,5682.933751250383,5682.933751250383,1697,2,169.358,38500.28494323597
3036,,,,1721.0,5684.933751250383,5684.933751250383,1698,2,169.336,42359.964942795305
3037,,,,1718.0,5686.933751250383,5686.933751250383,1699,2,169.312,46220.84978384431
3038,,,,1717.0,5688.933751250383,5688.933751250383,1700,2,169.29,42378.25561293751
3039,,,,1714.0,5690.933751250383,5690.933751250383,1701,2,169.268,42387.64527701154
3040,,,,1711.0,5692.933751250383,5692.933751250383,1702,2,169.246,42397.031069140336
3041,,,,1707.0,5694.933751250383,5694.933751250383,1703,2,169.222,46261.2680860389
3042,,,,1704.0,5696.933751250383,5696.933751250383,1704,2,169.199,44343.12639172638
3043,,,,1701.0,5698.933751250383,5698.933751250383,1705,2,169.174,48209.13275530711
3044,,,,1699.0,5700.933751250383,5700.933751250383,1706,2,169.15,46290.30505099458
3045,,,,1695.0,5702.933751250383,5702.933751250383,1707,2,169.121,55944.97598610031
3046,,,,1690.0,5704.933751250383,5704.933751250383,1708,2,169.092,55955.00000553071
3047,,,,1684.0,5706.933751250383,5706.933751250383,1709,2,169.066,50175.97788985869
3048,,,,1679.0,5708.933751250383,5708.933751250383,1710,2,169.04,50185.843627427
3049,,,,1673.0,5710.933751250383,5710.933751250383,1711,2,169.014,50195.70395694044
3050,,,,1668.0,5712.933751250383,5712.933751250383,1712,2,168.991,44413.00396959441
3051,,,,1662.0,5714.933751250383,5714.933751250383,1713,2,168.968,44422.50579974047
3052,,,,1657.0,5716.933751250383,5716.933751250383,1714,2,168.944,46363.69242606222
3053,,,,1653.0,5718.933751250383,5718.933751250383,1715,2,168.92,46373.32399038078
3054,,,,1649.0,5720.933751250383,5720.933751250383,1716,2,168.895,48315.43087942226
3055,,,,1645.0,5722.933751250383,5722.933751250383,1717,2,168.871,46392.29859419784
3056,,,,1642.0,5724.933751250383,5724.933751250383,1718,2,168.845,50268.44489518935
3057,,,,1640.0,5726.933751250383,5726.933751250383,1719,2,168.815,58012.69351341832
3058,,,,1636.0,5728.933751250383,5728.933751250383,1720,2,168.782,63824.33797146382
3059,,,,1631.0,5730.933751250383,5730.933751250383,1721,2,168.746,69636.62185891606
3060,,,,1628.0,5732.933751250383,5732.933751250383,1722,2,168.714,61908.34635832321
3061,,,,1626.0,5734.933751250383,5734.933751250383,1723,2,168.683,59983.43272900082
3062,,,,1623.0,5736.933751250383,5736.933751250383,1724,2,168.651,61928.409921383165
3063,,,,1619.0,5738.933751250383,5738.933751250383,1725,2,168.621,58067.44992455377
3064,,,,1616.0,5740.933751250383,5740.933751250383,1726,2,168.594,52270.08232308273
3065,,,,1613.0,5742.933751250383,5742.933751250383,1727,2,168.564,58088.281731124494
3066,,,,1611.0,5744.933751250383,5744.933751250383,1728,2,168.536,54225.280691285814
3067,,,,1606.0,5746.933751250383,5746.933751250383,1729,2,168.505,60045.52125212204
3068,,,,1598.0,5748.933751250383,5748.933751250383,1730,2,168.474,60055.36834345213
3069,,,,1591.0,5750.933751250383,5750.933751250383,1731,2,168.442,62002.6110635264
3070,,,,1589.0,5752.933751250383,5752.933751250383,1732,2,168.407,67825.4493411163
3071,,,,1589.0,5754.933751250383,5754.933751250383,1733,2,168.375,62021.05915565612
3072,,,,1586.0,5756.933751250383,5756.933751250383,1734,2,168.342,63969.096243327454
3073,,,,1581.0,5758.933751250383,5758.933751250383,1735,2,168.31,62040.210087250925
3074,,,,1578.0,5760.933751250383,5760.933751250383,1736,2,168.278,62049.95742292836
3075,,,,1574.0,5762.933751250383,5762.933751250383,1737,2,168.249,56242.10138869703
3076,,,,1568.0,5764.933751250383,5764.933751250383,1738,2,168.22,56251.923336127424
3077,,,,1565.0,5766.933751250383,5766.933751250383,1739,2,168.196,46562.130836657336
3078,,,,1563.0,5768.933751250383,5768.933751250383,1740,2,168.171,48511.97347768197
3079,,,,1559.0,5770.933751250383,5770.933751250383,1741,2,168.147,46580.85353647439
3080,,,,1554.0,5772.933751250383,5772.933751250383,1742,2,168.122,48531.46648993623
3081,,,,1548.0,5774.933751250383,5774.933751250383,1743,2,168.097,48541.06127280235
3082,,,,1543.0,5776.933751250383,5776.933751250383,1744,2,168.073,46608.763659789955
3083,,,,1536.0,5778.933751250383,5778.933751250383,1745,2,168.049,46618.24248810852
3084,,,,1530.0,5780.933751250383,5780.933751250383,1746,2,168.019,58283.60531745862
3085,,,,1527.0,5782.933751250383,5782.933751250383,1747,2,167.988,60236.29284965949
3086,,,,1528.0,5784.933751250383,5784.933751250383,1748,2,167.955,64132.463973452956
3087,,,,1528.0,5786.933751250383,5786.933751250383,1749,2,167.923,62198.519504100004
3088,,,,1529.0,5788.933751250383,5788.933751250383,1750,2,167.888,68039.56711793334
3089,,,,1531.0,5790.933751250383,5790.933751250383,1751,2,167.852,69992.93151521558
3090,,,,1534.0,5792.933751250383,5792.933751250383,1752,2,167.817,68057.78977718964
3091,,,,1535.0,5794.933751250383,5794.933751250383,1753,2,167.782,68067.08901949906
3092,,,,1535.0,5796.933751250383,5796.933751250383,1754,2,167.747,68076.3784618085
3093,,,,1534.0,5798.933751250383,5798.933751250383,1755,2,167.713,66140.55075065079
3094,,,,1532.0,5800.933751250383,5800.933751250383,1756,2,167.675,73931.41562061175
3095,,,,1531.0,5802.933751250383,5802.933751250383,1757,2,167.637,73940.14623599344
3096,,,,1531.0,5804.933751250383,5804.933751250383,1758,2,167.599,73948.86529931982
3097,,,,1532.0,5806.933751250383,5806.933751250383,1759,2,167.56,75903.59825625297
3098,,,,1533.0,5808.933751250383,5808.933751250383,1760,2,167.526,66180.74074901459
3099,,,,1534.0,5810.933751250383,5810.933751250383,1761,2,167.491,68136.6557389861
3100,,,,1537.0,5812.933751250383,5812.933751250383,1762,2,167.459,62305.349119422914
3101,,,,1537.0,5814.933751250383,5814.933751250383,1763,2,167.426,64262.02494651709
3102,,,,1536.0,5816.933751250383,5816.933751250383,1764,2,167.391,68166.29077272733
3103,,,,1533.0,5818.933751250383,5818.933751250383,1765,2,167.357,66227.79880234519
3104,,,,1529.0,5820.933751250383,5820.933751250383,1766,2,167.32,72080.90786749926
3105,,,,1526.0,5822.933751250383,5822.933751250383,1767,2,167.282,74037.88060332935
3106,,,,1527.0,5824.933751250383,5824.933751250383,1768,2,167.244,74046.48794671112
3107,,,,1528.0,5826.933751250383,5826.933751250383,1769,2,167.213,60414.62223091195
3108,,,,1525.0,5828.933751250383,5828.933751250383,1770,2,167.18,64322.10324807642
3109,,,,1517.0,5830.933751250383,5830.933751250383,1771,2,167.143,72128.3647872254
3110,,,,1510.0,5832.933751250383,5832.933751250383,1772,2,167.101,81884.17056762628
3111,,,,1504.0,5834.933751250383,5834.933751250383,1773,2,167.06,79942.09918730853
3112,,,,1496.0,5836.933751250383,5836.933751250383,1774,2,167.017,83849.3686231208
3113,,,,1490.0,5838.933751250383,5838.933751250383,1775,2,166.971,89706.15506276512
3114,,,,1482.0,5840.933751250383,5840.933751250383,1776,2,166.926,87762.16155338724
3115,,,,1474.0,5842.933751250383,5842.933751250383,1777,2,166.878,93618.94357931791
3116,,,,1465.0,5844.933751250383,5844.933751250383,1778,2,166.832,89723.59073795412
3117,,,,1458.0,5846.933751250383,5846.933751250383,1779,2,166.786,89729.54783431883
3118,,,,1453.0,5848.933751250383,5848.933751250383,1780,2,166.743,83883.92808020634
3119,,,,1449.0,5850.933751250383,5850.933751250383,1781,2,166.7,83890.9748211942
3120,,,,1446.0,5852.933751250383,5852.933751250383,1782,2,166.659,79996.25383769991
3121,,,,1443.0,5854.933751250383,5854.933751250383,1783,2,166.62,76101.73216161123
3122,,,,1440.0,5856.933751250383,5856.933751250383,1784,2,166.584,70255.93513146143
3123,,,,1437.0,5858.933751250383,5858.933751250383,1785,2,166.546,74167.89082107482
3124,,,,1433.0,5860.933751250383,5860.933751250383,1786,2,166.509,72224.49174935174
3125,,,,1427.0,5862.933751250383,5862.933751250383,1787,2,166.471,74185.1078586372
3126,,,,1419.0,5864.933751250383,5864.933751250383,1788,2,166.431,78097.92702633466
3127,,,,1413.0,5866.933751250383,5866.933751250383,1789,2,166.39,80058.18907907033
3128,,,,1406.0,5868.933751250383,5868.933751250383,1790,2,166.35,78113.16065562655
3129,,,,1401.0,5870.933751250383,5870.933751250383,1791,2,166.313,72262.57007622361
3130,,,,1396.0,5872.933751250383,5872.933751250383,1792,2,166.278,68364.9718241674
3131,,,,1392.0,5874.933751250383,5874.933751250383,1793,2,166.24,74233.80640170023
3132,,,,1387.0,5876.933751250383,5876.933751250383,1794,2,166.204,70335.04910402723
3133,,,,1383.0,5878.933751250383,5878.933751250383,1795,2,166.168,70343.746875744
3134,,,,1379.0,5880.933751250383,5880.933751250383,1796,2,166.131,72306.45097046178
3135,,,,1374.0,5882.933751250383,5882.933751250383,1797,2,166.094,72314.93362385085
3136,,,,1367.0,5884.933751250383,5884.933751250383,1798,2,166.055,76232.31956119358
3137,,,,1359.0,5887.933751250383,5887.933751250383,1799,2,166.015,78208.2464311486
3138,,,,1353.0,5889.933751250383,5889.933751250383,1800,2,165.977,74305.61366588021
3139,,,,1347.0,5891.933751250383,5891.933751250383,1801,2,165.937,78224.61196448522
3140,,,,1344.0,5893.933751250383,5893.933751250383,1802,2,165.9,72365.53588591793
3141,,,,1342.0,5895.933751250383,5895.933751250383,1803,2,165.863,72373.948757307
3142,,,,1339.0,5897.933751250383,5897.933751250383,1804,2,165.825,74338.40630324135
3143,,,,1335.0,5899.933751250383,5899.933751250383,1805,2,165.788,72390.30504893194
3144,,,,1329.0,5901.933751250383,5901.933751250383,1806,2,165.752,70442.17617202653
3145,,,,1326.0,5903.933751250383,5903.933751250383,1807,2,165.718,66537.21529795638
3146,,,,1322.0,5905.933751250383,5905.933751250383,1808,2,165.683,68503.1322884278
3147,,,,1317.0,5907.933751250383,5907.933751250383,1809,2,165.65,64597.28264887505
3148,,,,1307.0,5909.933751250383,5909.933751250383,1810,2,165.601,95925.9017867495
3149,,,,1302.0,5911.933751250383,5911.933751250383,1811,2,165.569,62651.36321287177
3150,,,,1295.0,5913.933751250383,5913.933751250383,1812,2,165.535,66576.3221063002
3151,,,,1288.0,5915.933751250383,5915.933751250383,1813,2,165.501,66585.1595394673
3152,,,,1282.0,5917.933751250383,5917.933751250383,1814,2,165.465,70510.8550289907
3153,,,,1279.0,5919.933751250383,5919.933751250383,1815,2,165.432,64643.314510117714
3154,,,,1279.0,5921.933751250383,5921.933751250383,1816,2,165.401,60734.30437050585
3155,,,,1277.0,5923.933751250383,5923.933751250383,1817,2,165.373,54865.53135384984
3156,,,,1273.0,5925.933751250383,5925.933751250383,1818,2,165.345,54874.76283367218
3157,,,,1270.0,5927.933751250383,5927.933751250383,1819,2,165.319,50964.01143403037
3158,,,,1268.0,5929.933751250383,5929.933751250383,1820,2,165.293,50973.188691542964
3159,,,,1266.0,5931.933751250383,5931.933751250383,1821,2,165.267,50982.360541167
3160,,,,1265.0,5933.933751250383,5933.933751250383,1822,2,165.244,45108.29869536127
3161,,,,1265.0,5935.933751250383,5935.933751250383,1823,2,165.221,45117.221983452444
3162,,,,1263.0,5937.933751250383,5937.933751250383,1824,2,165.198,45126.14103954362
3163,,,,1259.0,5939.933751250383,5939.933751250383,1825,2,165.177,41210.5178744857
3164,,,,1255.0,5941.933751250383,5941.933751250383,1826,2,165.159,35331.023297756175
3165,,,,1253.0,5943.933751250383,5943.933751250383,1827,2,165.142,33375.88345351176
3166,,,,1251.0,5945.933751250383,5945.933751250383,1828,2,165.123,37310.94239678816
3167,,,,1248.0,5947.933751250383,5947.933751250383,1829,2,165.105,35355.13680254374
3168,,,,1245.0,5949.933751250383,5949.933751250383,1830,2,165.082,45185.587837046936
3169,,,,1242.0,5951.933751250383,5951.933751250383,1831,2,165.057,49124.13641761242
3170,,,,1239.0,5953.933751250383,5953.933751250383,1832,2,165.026,60924.06174678914
3171,,,,1236.0,5955.933751250383,5955.933751250383,1833,2,164.993,64863.85292160909
3172,,,,1231.0,5957.933751250383,5957.933751250383,1834,2,164.953,78631.85637958671
3173,,,,1225.0,5959.933751250383,5959.933751250383,1835,2,164.91,84536.34996052683
3174,,,,1225.0,5961.933751250383,5961.933751250383,1836,2,164.864,90440.1740806876
3175,,,,1227.0,5963.933751250383,5963.933751250383,1837,2,164.82,86513.39553330008
3176,,,,1226.0,5965.933751250383,5965.933751250383,1838,2,164.775,88485.38706342706
3177,,,,1220.0,5967.933751250383,5967.933751250383,1839,2,164.732,84558.4657026627
3178,,,,1217.0,5969.933751250383,5969.933751250383,1840,2,164.689,84564.72648965057
3179,,,,1217.0,5971.933751250383,5971.933751250383,1841,2,164.651,74738.273142164
3180,,,,1219.0,5973.933751250383,5973.933751250383,1842,2,164.613,74746.05026154629
3181,,,,1220.0,5975.933751250383,5975.933751250383,1843,2,164.573,78687.74911354868
3182,,,,1218.0,5977.933751250383,5977.933751250383,1844,2,164.531,82629.20018940639
3183,,,,1215.0,5979.933751250383,5979.933751250383,1845,2,164.492,76733.8939628994
3184,,,,1210.0,5981.933751250383,5981.933751250383,1846,2,164.453,76741.36071437217
3185,,,,1202.0,5983.933751250383,5983.933751250383,1847,2,164.415,74781.1243464575
3186,,,,1196.0,5985.933751250383,5985.933751250383,1848,2,164.373,82660.33382065978
3187,,,,1188.0,5987.933751250383,5987.933751250383,1849,2,164.334,76762.75384329306
3188,,,,1181.0,5989.933751250383,5989.933751250383,1850,2,164.294,78738.39795222077
3189,,,,1175.0,5991.933751250383,5991.933751250383,1851,2,164.255,76777.10983957381
3190,,,,1168.0,5993.933751250383,5993.933751250383,1852,2,164.218,72847.27983976736
3191,,,,1159.0,5995.933751250383,5995.933751250383,1853,2,164.182,70886.3271807852
3192,,,,1152.0,5997.933751250383,5997.933751250383,1854,2,164.149,64987.15035387353
3193,,,,1146.0,5999.933751250383,5999.933751250383,1855,2,164.115,66965.11659927937
3194,,,,1140.0,6001.933751250383,6001.933751250383,1856,2,164.079,70912.75124008594
3195,,,,1134.0,6003.933751250383,6003.933751250383,1857,2,164.043,70920.8190118027
3196,,,,1126.0,6005.933751250383,6005.933751250383,1858,2,164.006,72898.90076307776
3197,,,,1118.0,6007.933751250383,6007.933751250383,1859,2,163.97,70936.49088000612
3198,,,,1112.0,6009.933751250383,6009.933751250383,1860,2,163.934,70944.52740372288
3199,,,,1105.0,6011.933751250383,6011.933751250383,1861,2,163.899,68981.85971157161
3200,,,,1097.0,6013.933751250383,6013.933751250383,1862,2,163.864,68990.07388388105
3201,,,,1091.0,6015.933751250383,6015.933751250383,1863,2,163.829,68998.27825619049
3202,,,,1086.0,6017.933751250383,6017.933751250383,1864,2,163.794,69006.47282849993
3203,,,,1079.0,6019.933751250383,6019.933751250383,1865,2,163.758,70986.28824322704
3204,,,,1070.0,6021.933751250383,6021.933751250383,1866,2,163.726,63106.782483044444
3205,,,,1064.0,6023.933751250383,6023.933751250383,1867,2,163.691,69031.8410961534
3206,,,,1060.0,6025.933751250383,6025.933751250383,1868,2,163.661,59178.0439601817
3207,,,,1057.0,6027.933751250383,6027.933751250383,1869,2,163.631,59186.83479942945
3208,,,,1053.0,6029.933751250383,6029.933751250383,1870,2,163.602,57222.6060254574
3209,,,,1048.0,6031.933751250383,6031.933751250383,1871,2,163.573,57231.4398268878
3210,,,,1041.0,6033.933751250383,6033.933751250383,1872,2,163.54,65134.679648731806
3211,,,,1037.0,6035.933751250383,6035.933751250383,1873,2,163.512,55273.797745973716
3212,,,,1035.0,6037.933751250383,6037.933751250383,1874,2,163.481,61205.22420481278
3213,,,,1033.0,6039.933751250383,6039.933751250383,1875,2,163.454,53315.975006030145
3214,,,,1031.0,6041.933751250383,6041.933751250383,1876,2,163.425,57274.456617567055
3215,,,,1030.0,6043.933751250383,6043.933751250383,1877,2,163.392,65183.58979384962
3216,,,,1028.0,6045.933751250383,6045.933751250383,1878,2,163.366,51364.4877379324
3217,,,,1027.0,6047.933751250383,6047.933751250383,1879,2,163.338,55324.756151557674
3218,,,,1026.0,6049.933751250383,6049.933751250383,1880,2,163.311,53357.52986760296
3219,,,,1027.0,6051.933751250383,6051.933751250383,1881,2,163.282,57319.056789034184
3220,,,,1027.0,6053.933751250383,6053.933751250383,1882,2,163.256,51397.82490093141
3221,,,,1025.0,6055.933751250383,6055.933751250383,1883,2,163.226,59314.60088927407
3222,,,,1023.0,6057.933751250383,6057.933751250383,1884,2,163.195,61300.54058353562
3223,,,,1022.0,6059.933751250383,6059.933751250383,1885,2,163.164,61309.13149286572
3224,,,,1020.0,6061.933751250383,6061.933751250383,1886,2,163.13,67251.06878862054
3225,,,,1023.0,6063.933751250383,6063.933751250383,1887,2,163.096,67259.23696578766
3226,,,,1031.0,6065.933751250383,6065.933751250383,1888,2,163.064,63310.87847387153
3227,,,,1039.0,6067.933751250383,6067.933751250383,1889,2,163.037,53426.500133819434
3228,,,,1046.0,6069.933751250383,6069.933751250383,1890,2,163.009,55414.1733561247
3229,,,,1056.0,6071.933751250383,6071.933751250383,1891,2,162.978,61360.515500790054
3230,,,,1066.0,6073.933751250383,6073.933751250383,1892,2,162.944,67307.37362659098
3231,,,,1071.0,6075.933751250383,6075.933751250383,1893,2,162.909,69295.14342260992
3232,,,,1075.0,6077.933751250383,6077.933751250383,1894,2,162.873,71282.93088059737
3233,,,,1082.0,6079.933751250383,6079.933751250383,1895,2,162.848,49509.05253473062
3234,,,,1086.0,6081.933751250383,6081.933751250383,1896,2,162.845,5942.529747766347
3240,,,,1119.0,6093.933751250383,6093.933751250383,1902,2,162.833,23815.921874877567
3241,,,,1124.0,6095.933751250383,6095.933751250383,1903,2,162.798,69475.8751173627
3242,,,,1125.0,6097.933751250383,6097.933751250383,1904,2,162.764,67498.68726941937
3243,,,,1132.0,6099.933751250383,6099.933751250383,1905,2,162.742,43682.43078399843
3244,,,,1138.0,6101.933751250383,6101.933751250383,1906,2,162.737,9930.256477107085
3253,,,,1178.0,6119.933751250383,6119.933751250383,1915,2,162.729,15934.642866238519
3254,,,,1181.0,6121.933751250383,6121.933751250383,1916,2,162.691,75703.58789063392
3255,,,,1189.0,6123.933751250383,6123.933751250383,1917,2,162.667,47819.30009854554
3256,,,,1195.0,6125.933751250383,6125.933751250383,1918,2,162.659,15943.40418849374
3265,,,,1244.0,6143.933751250383,6143.933751250383,1927,2,162.626,65951.47317906497
3266,,,,1247.0,6145.933751250383,6145.933751250383,1928,2,162.606,39977.08651575374
3274,,,,1291.0,6161.933751250383,6161.933751250383,1936,2,162.572,68126.65997436289
3275,,,,1297.0,6163.933751250383,6163.933751250383,1937,2,162.535,74145.70637251936
3276,,,,1305.0,6165.933751250383,6165.933751250383,1938,2,162.512,46097.02016497396
3277,,,,1307.0,6167.933751250383,6167.933751250383,1939,2,162.506,12028.136951783838
3284,,,,1349.0,6182.933751250383,6182.933751250383,1946,2,162.497,18085.248161590782
3285,,,,1354.0,6184.933751250383,6184.933751250383,1947,2,162.462,70344.74604059033
3286,,,,1357.0,6186.933751250383,6186.933751250383,1948,2,162.435,54273.13780443337
3287,,,,1360.0,6188.933751250383,6188.933751250383,1949,2,162.422,26136.739871199807
3294,,,,1407.0,6202.933751250383,6202.933751250383,1956,2,162.411,22164.093371410367
3295,,,,1414.0,6204.933751250383,6204.933751250383,1957,2,162.374,74564.96811080702
3296,,,,1415.0,6206.933751250383,6206.933751250383,1958,2,162.349,50388.3537126934
3297,,,,1416.0,6208.933751250383,6208.933751250383,1959,2,162.342,14111.894360343453
3303,,,,1450.0,6220.933751250383,6220.933751250383,1965,2,162.315,54531.08159978255
3304,,,,1456.0,6222.933751250383,6222.933751250383,1966,2,162.277,76756.75146308487
3305,,,,1462.0,6224.933751250383,6224.933751250383,1967,2,162.254,46464.23143021406
3306,,,,1464.0,6226.933751250383,6226.933751250383,1968,2,162.248,12123.914736889968
3312,,,,1493.0,6238.933751250383,6238.933751250383,1974,2,162.234,28341.90382058789
3313,,,,1497.0,6240.933751250383,6240.933751250383,1975,2,162.197,74915.83798053321
3314,,,,1505.0,6242.933751250383,6242.933751250383,1976,2,162.162,70873.3112017569
3315,,,,1511.0,6244.933751250383,6244.933751250383,1977,2,162.139,46580.47999066993
3316,,,,1513.0,6246.933751250383,6246.933751250383,1978,2,162.128,22282.419133932606
3322,,,,1542.0,6258.933751250383,6258.933751250383,1984,2,162.102,52762.686344329246
3323,,,,1546.0,6260.933751250383,6260.933751250383,1985,2,162.065,75094.76011965102
3324,,,,1551.0,6262.933751250383,6262.933751250383,1986,2,162.033,64953.737693229574
3325,,,,1557.0,6264.933751250383,6264.933751250383,1987,2,162.019,28422.300367405256
3331,,,,1583.0,6276.933751250383,6276.933751250383,1993,2,162.017,4067.9050100597615
3332,,,,1588.0,6278.933751250383,6278.933751250383,1994,2,161.984,67134.56687315651
3333,,,,1590.0,6280.933751250383,6280.933751250383,1995,2,161.947,75279.79858613513
3334,,,,1594.0,6282.933751250383,6282.933751250383,1996,2,161.916,63079.10297792931
3335,,,,1599.0,6284.933751250383,6284.933751250383,1997,2,161.902,28492.44548449391
3342,,,,1619.0,6298.933751250383,6298.933751250383,2004,2,161.871,63222.16500070538
3343,,,,1624.0,6300.933751250383,6300.933751250383,2005,2,161.836,71387.97266355332
3344,,,,1627.0,6302.933751250383,6302.933751250383,2006,2,161.802,69355.5416952051
3345,,,,1630.0,6304.933751250383,6304.933751250383,2007,2,161.769,67323.0927212262
3346,,,,1633.0,6306.933751250383,6306.933751250383,2008,2,161.75,38767.845105155815
3347,,,,1632.0,6308.933751250383,6308.933751250383,2009,2,161.744,12245.413289562412
3361,,,,1676.0,6336.933751250383,6336.933751250383,2023,2,161.72,49194.47853394876
3362,,,,1680.0,6338.933751250383,6338.933751250383,2024,2,161.687,67651.8330737643
3363,,,,1683.0,6340.933751250383,6340.933751250383,2025,2,161.666,43057.55897666013
3364,,,,1685.0,6342.933751250383,6342.933751250383,2026,2,161.654,24609.568085452218
3374,,,,1721.0,6362.933751250383,6362.933751250383,2036,2,161.622,65823.48068377851
3375,,,,1726.0,6364.933751250383,6364.933751250383,2037,2,161.587,72002.13554832742
3376,,,,1729.0,6366.933751250383,6366.933751250383,2038,2,161.551,74066.33658641846
3377,,,,1732.0,6368.933751250383,6368.933751250383,2039,2,161.516,72015.73120752524
3378,,,,1732.0,6370.933751250383,6370.933751250383,2040,2,161.482,69965.16123271977
3379,,,,1730.0,6372.933751250383,6372.933751250383,2041,2,161.454,57625.39254900891
3380,,,,1731.0,6374.933751250383,6374.933751250383,2042,2,161.433,43226.047916970514
3381,,,,1730.0,6376.933751250383,6376.933751250383,2043,2,161.419,28823.28141638372
3382,,,,1728.0,6378.933751250383,6378.933751250383,2044,2,161.416,6178.029232784251
3397,,,,1774.0,6408.933751250383,6408.933751250383,2059,2,161.406,20689.448114442694
3398,,,,1776.0,6410.933751250383,6410.933751250383,2060,2,161.366,82770.79635032707
3399,,,,1779.0,6412.933751250383,6412.933751250383,2061,2,161.329,76568.60130382318
3400,,,,1782.0,6414.933751250383,6414.933751250383,2062,2,161.293,74505.55524105526
3401,,,,1783.0,6416.933751250383,6416.933751250383,2063,2,161.262,64164.23605018382
3402,,,,1783.0,6418.933751250383,6418.933751250383,2064,2,161.232,62102.02863527458
3403,,,,1784.0,6420.933751250383,6420.933751250383,2065,2,161.206,53829.178959049095
3404,,,,1786.0,6422.933751250383,6422.933751250383,2066,2,161.184,45555.17146542555
3405,,,,1787.0,6424.933751250383,6424.933751250383,2067,2,161.166,37279.39310488151
3406,,,,1787.0,6426.933751250383,6426.933751250383,2068,2,161.151,31072.650088498285
3407,,,,1788.0,6428.933751250383,6428.933751250383,2069,2,161.14,22791.862363916545
3408,,,,1787.0,6430.933751250383,6430.933751250383,2070,2,161.138,4145.096934931828
3409,,,,1787.0,6432.933751250383,6432.933751250383,2071,2,161.137,2073.173724694116
3410,,,,1789.0,6434.933751250383,6434.933751250383,2072,2,161.135,4147.597939785731
3411,,,,1792.0,6436.933751250383,6436.933751250383,2073,2,161.13,10371.99227672409
3412,,,,1794.0,6438.933751250383,6438.933751250383,2074,2,161.12,20749.464013385485
3413,,,,1798.0,6440.933751250383,6440.933751250383,2075,2,161.104,33206.77499298805
3414,,,,1804.0,6442.933751250383,6442.933751250383,2076,2,161.085,39441.00526526191
3415,,,,1809.0,6444.933751250383,6444.933751250383,2077,2,161.061,49829.03107752923
3416,,,,1814.0,6446.933751250383,6446.933751250383,2078,2,161.034,56066.17841847442
3417,,,,1818.0,6448.933751250383,6448.933751250383,2079,2,161.004,62304.05182155748
3418,,,,1817.0,6450.933751250383,6450.933751250383,2080,2,160.972,66465.46705572614
3419,,,,1817.0,6452.933751250383,6452.933751250383,2081,2,160.933,81012.0339286865
3420,,,,1820.0,6454.933751250383,6454.933751250383,2082,2,160.894,81017.50661015617
3421,,,,1825.0,6456.933751250383,6456.933751250383,2083,2,160.857,76868.42098175954
3422,,,,1826.0,6458.933751250383,6458.933751250383,2084,2,160.82,76874.54599514861
3423,,,,1823.0,6460.933751250383,6460.933751250383,2085,2,160.778,87268.58164645736
3424,,,,1819.0,6462.933751250383,6462.933751250383,2086,2,160.738,83117.46431866418
3425,,,,1815.0,6464.933751250383,6464.933751250383,2087,2,160.695,89355.8511700368
3426,,,,1811.0,6466.933751250383,6466.933751250383,2088,2,160.655,83125.96643855587
3427,,,,1809.0,6468.933751250383,6468.933751250383,2089,2,160.62,72740.73418264675
3428,,,,1807.0,6470.933751250383,6470.933751250383,2090,2,160.588,66512.50202791447
3429,,,,1802.0,6472.933751250383,6472.933751250383,2091,2,160.561,56126.957434540935
3430,,,,1798.0,6474.933751250383,6474.933751250383,2092,2,160.537,49898.11866381778
3431,,,,1799.0,6477.933751250383,6477.933751250383,2093,2,160.489,99820.08770059125
3432,,,,1799.0,6479.933751250383,6479.933751250383,2094,2,160.461,58232.572648969195
3433,,,,1797.0,6481.933751250383,6481.933751250383,2095,2,160.433,58240.38217690635
3434,,,,1796.0,6483.933751250383,6483.933751250383,2096,2,160.405,58248.185432725266
3435,,,,1793.0,6485.933751250383,6485.933751250383,2097,2,160.376,60336.36512512805
3436,,,,1787.0,6487.933751250383,6487.933751250383,2098,2,160.346,62424.69265705812
3437,,,,1783.0,6489.933751250383,6489.933751250383,2099,2,160.313,68674.83700252465
3438,,,,1776.0,6491.933751250383,6491.933751250383,2100,2,160.274,81167.95305494564
3439,,,,1770.0,6493.933751250383,6493.933751250383,2101,2,160.232,87416.47869689003
3440,,,,1765.0,6495.933751250383,6495.933751250383,2102,2,160.188,91582.79207335168
3441,,,,1759.0,6497.933751250383,6497.933751250383,2103,2,160.146,87423.38263147099
3442,,,,1754.0,6499.933751250383,6499.933751250383,2104,2,160.111,72857.72491808968
3443,,,,1750.0,6501.933751250383,6501.933751250383,2105,2,160.076,72864.21317039912
3444,,,,1749.0,6503.933751250383,6503.933751250383,2106,2,160.041,72870.69162270855
3445,,,,1747.0,6505.933751250383,6505.933751250383,2107,2,160.005,74959.13064069931
3446,,,,1745.0,6507.933751250383,6507.933751250383,2108,2,159.973,66636.6600274061
3447,,,,1741.0,6509.933751250383,6509.933751250383,2109,2,159.941,66643.80627514274
3448,,,,1738.0,6511.933751250383,6511.933751250383,2110,2,159.911,62485.65102615049
3449,,,,1735.0,6513.933751250383,6513.933751250383,2111,2,159.883,58327.274041308694
3450,,,,1734.0,6515.933751250383,6515.933751250383,2112,2,159.854,60418.16818487519
3451,,,,1733.0,6517.933751250383,6517.933751250383,2113,2,159.827,56258.80864743553
3452,,,,1730.0,6519.933751250383,6519.933751250383,2114,2,159.801,54182.788011182885
3453,,,,1728.0,6521.933751250383,6521.933751250383,2115,2,159.781,41685.85264180408
3454,,,,1727.0,6523.933751250383,6523.933751250383,2116,2,159.764,35439.73697922763
3455,,,,1725.0,6525.933751250383,6525.933751250383,2117,2,159.747,35446.82951951941
3456,,,,1721.0,6527.933751250383,6527.933751250383,2118,2,159.73,35453.91974787045
3457,,,,1720.0,6530.933751250383,6530.933751250383,2119,2,159.712,37552.58170860606
3458,,,,1719.0,6532.933751250383,6532.933751250383,2120,2,159.693,39646.38239149652
3459,,,,1715.0,6534.933751250383,6534.933751250383,2121,2,159.666,56348.72751240221
3460,,,,1710.0,6536.933751250383,6536.933751250383,2122,2,159.633,68878.80152470931
3461,,,,1707.0,6538.933751250383,6538.933751250383,2123,2,159.596,77234.43945169543
3462,,,,1704.0,6540.933751250383,6540.933751250383,2124,2,159.557,81414.78655103246
3463,,,,1702.0,6542.933751250383,6542.933751250383,2125,2,159.518,81419.77688050183
3464,,,,1699.0,6544.933751250383,6544.933751250383,2126,2,159.478,83512.30747653807
3465,,,,1696.0,6546.933751250383,6546.933751250383,2127,2,159.436,87692.17087454644
3466,,,,1693.0,6548.933751250383,6548.933751250383,2128,2,159.394,87695.85501227202
3467,,,,1690.0,6550.933751250383,6550.933751250383,2129,2,159.349,93962.89245039926
3468,,,,1687.0,6552.933751250383,6552.933751250383,2130,2,159.304,93965.03993864736
3469,,,,1686.0,6554.933751250383,6554.933751250383,2131,2,159.262,87703.51906683815
3470,,,,1687.0,6556.933751250383,6556.933751250383,2132,2,159.209,110674.24218080072
3471,,,,1685.0,6558.933751250383,6558.933751250383,2133,2,159.175,71000.82515755837
3472,,,,1679.0,6560.933751250383,6560.933751250383,2134,2,159.138,77271.92869099806
3473,,,,1676.0,6562.933751250383,6562.933751250383,2135,2,159.099,81454.16557970282
3474,,,,1674.0,6564.933751250383,6564.933751250383,2136,2,159.058,85635.86472735263
3475,,,,1671.0,6566.933751250383,6566.933751250383,2137,2,159.016,87728.37721180232
3476,,,,1668.0,6568.933751250383,6568.933751250383,2138,2,158.975,85643.33431224163
3477,,,,1666.0,6570.933751250383,6570.933751250383,2139,2,158.932,89824.67095053977
3478,,,,1663.0,6572.933751250383,6572.933751250383,2140,2,158.89,87738.96392897908
3479,,,,1659.0,6574.933751250383,6574.933751250383,2141,2,158.851,81475.91497715926
3480,,,,1656.0,6576.933751250383,6576.933751250383,2142,2,158.807,91925.48734842982
3481,,,,1653.0,6578.933751250383,6578.933751250383,2143,2,158.767,83571.93228476692
3482,,,,1651.0,6580.933751250383,6580.933751250383,2144,2,158.724,89843.6512175974
3483,,,,1648.0,6582.933751250383,6582.933751250383,2145,2,158.684,83579.03344465862
3484,,,,1646.0,6584.933751250383,6584.933751250383,2146,2,158.643,85672.66817179759
3485,,,,1644.0,6586.933751250383,6586.933751250383,2147,2,158.604,81497.71389950767
3486,,,,1642.0,6588.933751250383,6588.933751250383,2148,2,158.564,83591.95760070602
3487,,,,1639.0,6590.933751250383,6590.933751250383,2149,2,158.523,85685.87582568527
3488,,,,1636.0,6592.933751250383,6592.933751250383,2150,2,158.483,83599.98226993853
3489,,,,1632.0,6594.933751250383,6594.933751250383,2151,2,158.442,85694.07454370947
3490,,,,1629.0,6596.933751250383,6596.933751250383,2152,2,158.402,83607.95509928981
3491,,,,1628.0,6598.933751250383,6598.933751250383,2153,2,158.363,81522.13873885165
3492,,,,1624.0,6600.933751250383,6600.933751250383,2154,2,158.325,79436.5872970301
3493,,,,1618.0,6602.933751250383,6602.933751250383,2155,2,158.288,77351.262559985
3494,,,,1613.0,6604.933751250383,6604.933751250383,2156,2,158.25,79447.07575064797
3495,,,,1608.0,6606.933751250383,6606.933751250383,2157,2,158.214,75270.84057560809
3496,,,,1604.0,6608.933751250383,6608.933751250383,2158,2,158.179,73185.71317257055
3497,,,,1598.0,6610.933751250383,6610.933751250383,2159,2,158.14,81555.39417724182
3498,,,,1593.0,6612.933751250383,6612.933751250383,2160,2,158.101,81559.95051471109
3499,,,,1590.0,6614.933751250383,6614.933751250383,2161,2,158.062,81564.49468423979
3500,,,,1588.0,6616.933751250383,6616.933751250383,2162,2,158.023,81569.02668582792
3501,,,,1584.0,6618.933751250383,6618.933751250383,2163,2,157.988,73207.95557831632
3502,,,,1583.0,6620.933751250383,6620.933751250383,2164,2,157.953,73213.85506062576
3503,,,,1582.0,6622.933751250383,6622.933751250383,2165,2,157.921,66944.40242378118
3504,,,,1579.0,6624.933751250383,6624.933751250383,2166,2,157.889,66951.05049539916
3505,,,,1577.0,6626.933751250383,6626.933751250383,2167,2,157.857,66957.69037513607
3506,,,,1574.0,6628.933751250383,6628.933751250383,2168,2,157.824,69056.73837241245
3507,,,,1571.0,6630.933751250383,6630.933751250383,2169,2,157.792,66970.52117873087
3508,,,,1568.0,6632.933751250383,6632.933751250383,2170,2,157.759,69069.95297867907
3509,,,,1563.0,6634.933751250383,6634.933751250383,2171,2,157.726,69076.32845890935
3510,,,,1558.0,6636.933751250383,6636.933751250383,2172,2,157.691,73269.06065562782
3511,,,,1554.0,6638.933751250383,6638.933751250383,2173,2,157.656,73274.87445793727
3512,,,,1551.0,6640.933751250383,6640.933751250383,2174,2,157.621,73280.67846024671
3513,,,,1547.0,6642.933751250383,6642.933751250383,2175,2,157.583,79567.41302492963
3514,,,,1543.0,6644.933751250383,6644.933751250383,2176,2,157.548,73290.86162877781
3515,,,,1540.0,6646.933751250383,6646.933751250383,2177,2,157.51,79578.44684447769
3516,,,,1538.0,6648.933751250383,6648.933751250383,2178,2,157.476,71206.91558340886
3517,,,,1535.0,6650.933751250383,6650.933751250383,2179,2,157.441,73307.22364498094
3518,,,,1531.0,6652.933751250383,6652.933751250383,2180,2,157.406,73312.96814729038
3519,,,,1528.0,6654.933751250383,6654.933751250383,2181,2,157.37,75413.28335341212
3520,,,,1525.0,6656.933751250383,6656.933751250383,2182,2,157.337,69134.46045183927
3521,,,,1522.0,6658.933751250383,6658.933751250383,2183,2,157.302,73330.60897958127
3522,,,,1519.0,6660.933751250383,6660.933751250383,2184,2,157.267,73336.31442189071
3523,,,,1515.0,6662.933751250383,6662.933751250383,2185,2,157.233,71246.75060210319
3524,,,,1510.0,6664.933751250383,6664.933751250383,2186,2,157.196,77538.99281547341
3525,,,,1507.0,6666.933751250383,6666.933751250383,2187,2,157.16,75448.46254709321
3526,,,,1503.0,6668.933751250383,6668.933751250383,2188,2,157.125,73358.10454040328
3527,,,,1497.0,6670.933751250383,6670.933751250383,2189,2,157.091,71267.88006580112
3528,,,,1491.0,6672.933751250383,6672.933751250383,2190,2,157.058,69177.75034574377
3529,,,,1485.0,6674.933751250383,6674.933751250383,2191,2,157.024,71280.2024436304
3530,,,,1478.0,6676.933751250383,6676.933751250383,2192,2,156.989,73382.53993109138
3531,,,,1471.0,6678.933751250383,6678.933751250383,2193,2,156.953,75484.72151046457
3532,,,,1464.0,6680.933751250383,6680.933751250383,2194,2,156.919,71296.57330464649
3533,,,,1459.0,6682.933751250383,6682.933751250383,2195,2,156.885,71302.4656578732
3534,,,,1456.0,6684.933751250383,6684.933751250383,2196,2,156.856,60822.79620147271
3535,,,,1452.0,6686.933751250383,6686.933751250383,2197,2,156.829,56634.9519715187
3536,,,,1446.0,6688.933751250383,6688.933751250383,2198,2,156.802,56642.138496169
3537,,,,1440.0,6690.933751250383,6690.933751250383,2199,2,156.775,56649.31918870004
3538,,,,1435.0,6692.933751250383,6692.933751250383,2200,2,156.744,65049.218799518734
3539,,,,1429.0,6694.933751250383,6694.933751250383,2201,2,156.712,67154.1489258445
3540,,,,1422.0,6696.933751250383,6696.933751250383,2202,2,156.679,69259.03925283038
3541,,,,1415.0,6698.933751250383,6698.933751250383,2203,2,156.643,75561.23954913666
3542,,,,1408.0,6700.933751250383,6700.933751250383,2204,2,156.607,75566.42991285343
3543,,,,1403.0,6702.933751250383,6702.933751250383,2205,2,156.57,77670.5732863805
3544,,,,1397.0,6704.933751250383,6704.933751250383,2206,2,156.533,77675.39027576958
3545,,,,1391.0,6706.933751250383,6706.933751250383,2207,2,156.498,73481.73626806088
3546,,,,1386.0,6708.933751250383,6708.933751250383,2208,2,156.463,73487.21155037032
3547,,,,1381.0,6710.933751250383,6710.933751250383,2209,2,156.426,77691.76196832718
3548,,,,1376.0,6712.933751250383,6712.933751250383,2210,2,156.391,73497.19290426401
3549,,,,1371.0,6714.933751250383,6714.933751250383,2211,2,156.355,75602.47215487073
3550,,,,1369.0,6716.933751250383,6716.933751250383,2212,2,156.321,71407.6152385856
3551,,,,1367.0,6718.933751250383,6718.933751250383,2213,2,156.286,73513.50031119233
3552,,,,1365.0,6720.933751250383,6720.933751250383,2214,2,156.253,69318.2791515399
3553,,,,1361.0,6722.933751250383,6722.933751250383,2215,2,156.218,73525.26412653636
3554,,,,1359.0,6724.933751250383,6724.933751250383,2216,2,156.182,75631.29494006516
3555,,,,1360.0,6726.933751250383,6726.933751250383,2217,2,156.149,69333.98820021162
3556,,,,1359.0,6728.933751250383,6728.933751250383,2218,2,156.114,73541.89639882727
3557,,,,1358.0,6730.933751250383,6730.933751250383,2219,2,156.083,65142.69705452501
3558,,,,1360.0,6732.933751250383,6732.933751250383,2220,2,156.052,65149.112569855104
3559,,,,1361.0,6734.933751250383,6734.933751250383,2221,2,156.025,56749.08384777435
3560,,,,1360.0,6736.933751250383,6736.933751250383,2222,2,155.997,58858.00320209643
3561,,,,1359.0,6738.933751250383,6738.933751250383,2223,2,155.967,63069.14186325463
3562,,,,1358.0,6740.933751250383,6740.933751250383,2224,2,155.934,69382.63127234111
3563,,,,1359.0,6742.933751250383,6742.933751250383,2225,2,155.901,69388.53062857113
3564,,,,1360.0,6744.933751250383,6744.933751250383,2226,2,155.87,65189.11695740601
3565,,,,1364.0,6746.933751250383,6746.933751250383,2227,2,155.845,52578.01135678728
3566,,,,1369.0,6748.933751250383,6748.933751250383,2228,2,155.823,46275.38705644532
3567,,,,1371.0,6750.933751250383,6750.933751250383,2229,2,155.804,39971.69140992864
3568,,,,1371.0,6752.933751250383,6752.933751250383,2230,2,155.786,37874.639295939356
3569,,,,1370.0,6754.933751250383,6754.933751250383,2231,2,155.769,35777.06754279521
3570,,,,1369.0,6756.933751250383,6756.933751250383,2232,2,155.754,31574.104094892704
3571,,,,1371.0,6758.933751250383,6758.933751250383,2233,2,155.735,40001.33678957303
3572,,,,1373.0,6760.933751250383,6760.933751250383,2234,2,155.714,44219.407173788386
3573,,,,1378.0,6762.933751250383,6762.933751250383,2235,2,155.691,48438.26185057875
3574,,,,1384.0,6764.933751250383,6764.933751250383,2236,2,155.667,50551.589830125515
3575,,,,1390.0,6766.933751250383,6766.933751250383,2237,2,155.644,48452.280999808536
3576,,,,1394.0,6768.933751250383,6768.933751250383,2238,2,155.622,46352.65652634923
3577,,,,1394.0,6770.933751250383,6770.933751250383,2239,2,155.597,52681.080778271804
3578,,,,1391.0,6772.933751250383,6772.933751250383,2240,2,155.566,65332.07793006247
3579,,,,1388.0,6774.933751250383,6774.933751250383,2241,2,155.53,75875.57245004649
3580,,,,1384.0,6776.933751250383,6776.933751250383,2242,2,155.489,86417.96149357915
3581,,,,1382.0,6778.933751250383,6778.933751250383,2243,2,155.446,90635.73393565005
3582,,,,1377.0,6780.933751250383,6780.933751250383,2244,2,155.403,90637.39845263792
3583,,,,1372.0,6782.933751250383,6782.933751250383,2245,2,155.36,90639.04817756588
3584,,,,1367.0,6784.933751250383,6784.933751250383,2246,2,155.316,92748.3074365759
3585,,,,1362.0,6787.933751250383,6787.933751250383,2247,2,155.272,92763.03378909106
3586,,,,1357.0,6789.933751250383,6789.933751250383,2248,2,155.229,90656.09244692429
3587,,,,1350.0,6791.933751250383,6791.933751250383,2249,2,155.187,88549.64610778519
3588,,,,1344.0,6793.933751250383,6793.933751250383,2250,2,155.145,88551.75205351078
3589,,,,1338.0,6795.933751250383,6795.933751250383,2251,2,155.1,94878.20099958393
3590,,,,1333.0,6797.933751250383,6797.933751250383,2252,2,155.056,92770.47738428737
3591,,,,1328.0,6799.933751250383,6799.933751250383,2253,2,155.014,88555.12924651202
3592,,,,1322.0,6801.933751250383,6801.933751250383,2254,2,154.97,92773.58780571783
3593,,,,1315.0,6803.933751250383,6803.933751250383,2255,2,154.926,92774.52156623299
3594,,,,1307.0,6805.933751250383,6805.933751250383,2256,2,154.881,94883.66629528685
3595,,,,1298.0,6807.933751250383,6807.933751250383,2257,2,154.833,101208.59490407236
3596,,,,1291.0,6809.933751250383,6809.933751250383,2258,2,154.784,103315.09165479749
3597,,,,1285.0,6811.933751250383,6811.933751250383,2259,2,154.735,103312.72321486408
3598,,,,1283.0,6813.933751250383,6813.933751250383,2260,2,154.688,99094.22768637161
3599,,,,1279.0,6815.933751250383,6815.933751250383,2261,2,154.644,92769.00244220204
3600,,,,1273.0,6817.933751250383,6817.933751250383,2262,2,154.599,94877.92291674005
3601,,,,1270.0,6819.933751250383,6819.933751250383,2263,2,154.555,92770.03115306224
3602,,,,1267.0,6821.933751250383,6821.933751250383,2264,2,154.509,96987.05011328025
3603,,,,1267.0,6823.933751250383,6823.933751250383,2265,2,154.462,99094.6888477001
3604,,,,1267.0,6825.933751250383,6825.933751250383,2266,2,154.414,101201.62144086206
3605,,,,1268.0,6827.933751250383,6827.933751250383,2267,2,154.346,143357.11210241812
3606,,,,1269.0,6829.933751250383,6829.933751250383,2268,2,154.304,88538.48019758744
3607,,,,1269.0,6831.933751250383,6831.933751250383,2269,2,154.282,46381.2603883755
3608,,,,1265.0,6833.933751250383,6833.933751250383,2270,2,154.24,88553.59416974073
3609,,,,1261.0,6835.933751250383,6835.933751250383,2271,2,154.17,147578.92297566467
3610,,,,1262.0,6837.933751250383,6837.933751250383,2272,2,154.146,50597.86517881422
3611,,,,1263.0,6839.933751250383,6839.933751250383,2273,2,154.075,149682.9966728299
3612,,,,1265.0,6841.933751250383,6841.933751250383,2274,2,154.027,101184.6466861356
3613,,,,1270.0,6843.933751250383,6843.933751250383,2275,2,153.98,99075.03663729846
3614,,,,1275.0,6845.933751250383,6845.933751250383,2276,2,153.935,94858.4560957054
3615,,,,1281.0,6847.933751250383,6847.933751250383,2277,2,153.894,86427.6965472531
3616,,,,1284.0,6849.933751250383,6849.933751250383,2278,2,153.854,84322.13648317535
3617,,,,1286.0,6851.933751250383,6851.933751250383,2279,2,153.823,65353.65504429985
3618,,,,1287.0,6853.933751250383,6853.933751250383,2280,2,153.799,50602.09940225341
3619,,,,1291.0,6855.933751250383,6855.933751250383,2281,2,153.786,27414.170977429563
3620,,,,1298.0,6857.933751250383,6857.933751250383,2282,2,153.778,16874.028290177204
3627,,,,1317.0,6871.933751250383,6871.933751250383,2289,2,153.76,38040.85371585816
3628,,,,1320.0,6873.933751250383,6873.933751250383,2290,2,153.721,82430.55692693363
3629,,,,1324.0,6875.933751250383,6875.933751250383,2291,2,153.683,80320.20247705923
3630,,,,1326.0,6877.933751250383,6877.933751250383,2292,2,153.64,90891.13107214087
3631,,,,1332.0,6879.933751250383,6879.933751250383,2293,2,153.596,93005.58634392662
3632,,,,1337.0,6881.933751250383,6881.933751250383,2294,2,153.554,88779.00997125868
3633,,,,1341.0,6883.933751250383,6883.933751250383,2295,2,153.515,82439.8634694786
3634,,,,1346.0,6885.933751250383,6885.933751250383,2296,2,153.481,71874.44000854401
3635,,,,1352.0,6887.933751250383,6887.933751250383,2297,2,153.458,48626.03644651778
3636,,,,1357.0,6889.933751250383,6889.933751250383,2298,2,153.447,23260.10629719335
3637,,,,1363.0,6891.933751250383,6891.933751250383,2299,2,153.444,6345.217322595241
3650,,,,1415.0,6917.933751250383,6917.933751250383,2312,2,153.407,78542.67091163516
3651,,,,1422.0,6919.933751250383,6919.933751250383,2313,2,153.366,87036.80230355893
3652,,,,1429.0,6921.933751250383,6921.933751250383,2314,2,153.327,82793.43649095042
3653,,,,1436.0,6923.933751250383,6923.933751250383,2315,2,153.291,76428.09788187493
3654,,,,1442.0,6925.933751250383,6925.933751250383,2316,2,153.264,57325.84977006515
3655,,,,1447.0,6927.933751250383,6927.933751250383,2317,2,153.247,36099.294334492915
3656,,,,1451.0,6929.933751250383,6929.933751250383,2318,2,153.24,14867.542239346958
3665,,,,1496.0,6947.933751250383,6947.933751250383,2327,2,153.233,14905.478703839362
3666,,,,1499.0,6949.933751250383,6949.933751250383,2328,2,153.196,78797.4662301035
3667,,,,1504.0,6951.933751250383,6951.933751250383,2329,2,153.154,89448.44599721668
3668,,,,1511.0,6953.933751250383,6953.933751250383,2330,2,153.114,85190.69528510114
3669,,,,1517.0,6955.933751250383,6955.933751250383,2331,2,153.078,76674.64561786577
3670,,,,1523.0,6957.933751250383,6957.933751250383,2332,2,153.042,76678.65647758252
3671,,,,1532.0,6959.933751250383,6959.933751250383,2333,2,153.011,66033.36673552703
3672,,,,1540.0,6961.933751250383,6961.933751250383,2334,2,152.992,40477.07966000517
3673,,,,1548.0,6963.933751250383,6963.933751250383,2335,2,152.985,14915.624901794466
3684,,,,1593.0,6985.933751250383,6985.933751250383,2346,2,152.976,19236.80948822797
3685,,,,1595.0,6987.933751250383,6987.933751250383,2347,2,152.937,83370.29132817686
3686,,,,1600.0,6989.933751250383,6989.933751250383,2348,2,152.895,89785.30759852451
3687,,,,1607.0,6991.933751250383,6991.933751250383,2349,2,152.854,87648.84685294639
3688,,,,1613.0,6993.933751250383,6993.933751250383,2350,2,152.817,79100.18077611599
3689,,,,1617.0,6995.933751250383,6995.933751250383,2351,2,152.781,76965.96105052903
3690,,,,1622.0,6997.933751250383,6997.933751250383,2352,2,152.748,70556.36613586373
3691,,,,1630.0,6999.933751250383,6999.933751250383,2353,2,152.724,51318.81030868891
3692,,,,1638.0,7001.933751250383,7001.933751250383,2354,2,152.713,23525.146030978052
3704,,,,1667.0,7025.933751250383,7025.933751250383,2366,2,152.682,66516.2361768691
3705,,,,1667.0,7027.933751250383,7027.933751250383,2367,2,152.643,83686.35103139307
3706,,,,1670.0,7029.933751250383,7029.933751250383,2368,2,152.599,94416.56567638736
3707,,,,1675.0,7031.933751250383,7031.933751250383,2369,2,152.555,94416.19932484152
3708,,,,1680.0,7033.933751250383,7033.933751250383,2370,2,152.513,90124.7802683144
3709,,,,1688.0,7035.933751250383,7035.933751250383,2371,2,152.469,94416.65848227305
3710,,,,1695.0,7037.933751250383,7037.933751250383,2372,2,152.429,85834.0769955325
3711,,,,1700.0,7039.933751250383,7039.933751250383,2373,2,152.395,72961.98603688143
3712,,,,1703.0,7041.933751250383,7041.933751250383,2374,2,152.371,51507.407559207735
3713,,,,1708.0,7043.933751250383,7043.933751250383,2375,2,152.357,30050.773818135847
3714,,,,1714.0,7045.933751250383,7045.933751250383,2376,2,152.353,8587.865893354001
3726,,,,1772.0,7070.933751250383,7070.933751250383,2388,2,152.325,60322.0226970201
3727,,,,1777.0,7072.933751250383,7072.933751250383,2389,2,152.286,84025.24349315565
3728,,,,1785.0,7074.933751250383,7074.933751250383,2390,2,152.245,88336.00265827638
3729,,,,1790.0,7076.933751250383,7076.933751250383,2391,2,152.204,88337.18154900469
3730,,,,1794.0,7078.933751250383,7078.933751250383,2392,2,152.165,84029.71149047259
3731,,,,1801.0,7080.933751250383,7080.933751250383,2393,2,152.126,84031.91207194004
3732,,,,1805.0,7082.933751250383,7082.933751250383,2394,2,152.094,68952.64338579556
3733,,,,1811.0,7084.933751250383,7084.933751250383,2395,2,152.065,62493.44458054255
3734,,,,1819.0,7086.933751250383,7086.933751250383,2396,2,152.042,49569.281732696174
3735,,,,1824.0,7088.933751250383,7088.933751250383,2397,2,152.022,43109.79104282598
3736,,,,1827.0,7090.933751250383,7090.933751250383,2398,2,152.0,47427.59694027954
3737,,,,1830.0,7092.933751250383,7092.933751250383,2399,2,151.978,47434.107948408324
3738,,,,1836.0,7094.933751250383,7094.933751250383,2400,2,151.96,38815.55954077717
3739,,,,1841.0,7096.933751250383,7096.933751250383,2401,2,151.943,36665.25078269734
3740,,,,1847.0,7098.933751250383,7098.933751250383,2402,2,151.929,30200.34075606097
3741,,,,1852.0,7100.933751250383,7100.933751250383,2403,2,151.92,19418.504574484494
3753,,,,1901.0,7124.933751250383,7124.933751250383,2415,2,151.909,23812.376463785822
3754,,,,1908.0,7126.933751250383,7126.933751250383,2416,2,151.876,71446.83379755066
3755,,,,1911.0,7128.933751250383,7128.933751250383,2417,2,151.841,75781.24302449056
3756,,,,1914.0,7130.933751250383,7130.933751250383,2418,2,151.803,82280.07942268114
3757,,,,1919.0,7132.933751250383,7132.933751250383,2419,2,151.767,77952.40915921779
3758,,,,1923.0,7134.933751250383,7134.933751250383,2420,2,151.733,73625.38137913497
3759,,,,1927.0,7136.933751250383,7136.933751250383,2421,2,151.704,62802.683233658834
3760,,,,1931.0,7138.933751250383,7138.933751250383,2422,2,151.679,54145.778456402186
3761,,,,1936.0,7140.933751250383,7140.933751250383,2423,2,151.654,54152.02143921312
3762,,,,1942.0,7142.933751250383,7142.933751250383,2424,2,151.633,45493.53792089591
3763,,,,1945.0,7144.933751250383,7144.933751250383,2425,2,151.615,39000.36366358665
3764,,,,1947.0,7146.933751250383,7146.933751250383,2426,2,151.601,30338.905300489587
3765,,,,1950.0,7148.933751250383,7148.933751250383,2427,2,151.594,15172.64678098336
3775,,,,1970.0,7168.933751250383,7168.933751250383,2437,2,151.589,10867.49420751684
3776,,,,1972.0,7170.933751250383,7170.933751250383,2438,2,151.547,91298.26329200297
3777,,,,1977.0,7172.933751250383,7172.933751250383,2439,2,151.506,89124.94277681805
3778,,,,1980.0,7174.933751250383,7174.933751250383,2440,2,151.468,82605.0983773744
3779,,,,1982.0,7176.933751250383,7176.933751250383,2441,2,151.432,78260.15639713763
3780,,,,1985.0,7178.933751250383,7178.933751250383,2442,2,151.397,76089.62651350166
3781,,,,1987.0,7180.933751250383,7180.933751250383,2443,2,151.362,76093.23125581109
3782,,,,1988.0,7182.933751250383,7182.933751250383,2444,2,151.331,67400.93674499705
3783,,,,1987.0,7184.933751250383,7184.933751250383,2445,2,151.297,73928.31246327782
3784,,,,1989.0,7186.933751250383,7186.933751250383,2446,2,151.265,69583.77758868942
3785,,,,1992.0,7188.933751250383,7188.933751250383,2447,2,151.233,69588.41862030505
3786,,,,1993.0,7190.933751250383,7190.933751250383,2448,2,151.198,76116.64498634674
3787,,,,1993.0,7192.933751250383,7192.933751250383,2449,2,151.162,78294.79616501334
3788,,,,1993.0,7194.933751250383,7194.933751250383,2450,2,151.127,76123.22650560303
3789,,,,1991.0,7196.933751250383,7196.933751250383,2451,2,151.091,78301.54527967694
3790,,,,1987.0,7198.933751250383,7198.933751250383,2452,2,151.051,87004.00965885623
3791,,,,1982.0,7200.933751250383,7200.933751250383,2453,2,151.011,87005.1380307904
3792,,,,1979.0,7202.933751250383,7202.933751250383,2454,2,150.971,87006.25360278641
3793,,,,1977.0,7204.933751250383,7204.933751250383,2455,2,150.93,89182.24488187899
3794,,,,1973.0,7206.933751250383,7206.933751250383,2456,2,150.888,91357.65789926876
3795,,,,1970.0,7208.933751250383,7208.933751250383,2457,2,150.847,89182.69264276799
3796,,,,1967.0,7210.933751250383,7210.933751250383,2458,2,150.81,80483.45977624801
3797,,,,1962.0,7212.933751250383,7212.933751250383,2459,2,150.772,82661.05748966827
3798,,,,1952.0,7214.933751250383,7214.933751250383,2460,2,150.73,91363.31214652216
3799,,,,1941.0,7216.933751250383,7216.933751250383,2461,2,150.684,100063.10400615478
3800,,,,1933.0,7218.933751250383,7218.933751250383,2462,2,150.636,104410.03766048868
3801,,,,1926.0,7220.933751250383,7220.933751250383,2463,2,150.586,108755.20532092005
3802,,,,1920.0,7222.933751250383,7222.933751250383,2464,2,150.54,100050.60484388005
3803,,,,1917.0,7224.933751250383,7224.933751250383,2465,2,150.495,97873.10693131745
3804,,,,1912.0,7226.933751250383,7226.933751250383,2466,2,150.448,102220.07082341313
3805,,,,1904.0,7228.933751250383,7228.933751250383,2467,2,150.401,102216.42203610012
3806,,,,1896.0,7230.933751250383,7230.933751250383,2468,2,150.353,104387.14797233473
3807,,,,1891.0,7232.933751250383,7232.933751250383,2469,2,150.3,115253.97124907219
3808,,,,1889.0,7234.933751250383,7234.933751250383,2470,2,150.247,115245.19460925765
3809,,,,1888.0,7236.933751250383,7236.933751250383,2471,2,150.198,106540.72748384098
3810,,,,1888.0,7238.933751250383,7238.933751250383,2472,2,150.153,97839.94460051577
3811,,,,1885.0,7240.933751250383,7240.933751250383,2473,2,150.112,89142.15788558012
3812,,,,1880.0,7242.933751250383,7242.933751250383,2474,2,150.072,86968.5130073965
3813,,,,1874.0,7244.933751250383,7244.933751250383,2475,2,150.029,93491.11013842546
3814,,,,1866.0,7246.933751250383,7246.933751250383,2476,2,149.983,100011.68607466917
3815,,,,1858.0,7248.933751250383,7248.933751250383,2477,2,149.935,104356.11421476454
3816,,,,1851.0,7250.933751250383,7250.933751250383,2478,2,149.887,104351.49404003879
3817,,,,1844.0,7252.933751250383,7252.933751250383,2479,2,149.842,97826.15611475648
3818,,,,1835.0,7254.933751250383,7254.933751250383,2480,2,149.799,93476.65097882572
3819,,,,1825.0,7256.933751250383,7256.933751250383,2481,2,149.752,102169.62281967133
3820,,,,1814.0,7258.933751250383,7258.933751250383,2482,2,149.702,108685.83737737132
3821,,,,1805.0,7260.933751250383,7260.933751250383,2483,2,149.65,113025.90209580753
3822,,,,1799.0,7262.933751250383,7262.933751250383,2484,2,149.599,110844.7087685593
3823,,,,1795.0,7264.933751250383,7264.933751250383,2485,2,149.55,106491.58567083979
3824,,,,1793.0,7266.933751250383,7266.933751250383,2486,2,149.504,99967.45787818084
3825,,,,1787.0,7268.933751250383,7268.933751250383,2487,2,149.458,99964.20871848377
3826,,,,1780.0,7270.933751250383,7270.933751250383,2488,2,149.411,102133.66486720876
3827,,,,1774.0,7272.933751250383,7272.933751250383,2489,2,149.362,106474.85554746853
3828,,,,1770.0,7274.933751250383,7274.933751250383,2490,2,149.312,108641.67816101079
3829,,,,1764.0,7276.933751250383,7276.933751250383,2491,2,149.263,106462.81424421389
3830,,,,1758.0,7278.933751250383,7278.933751250383,2492,2,149.212,110801.56732166243
3831,,,,1754.0,7280.933751250383,7280.933751250383,2493,2,149.16,112966.19179184381
3832,,,,1751.0,7282.933751250383,7282.933751250383,2494,2,149.108,112957.83637411706
3833,,,,1748.0,7284.933751250383,7284.933751250383,2495,2,149.056,112949.4593243903
3834,,,,1747.0,7286.933751250383,7286.933751250383,2496,2,149.005,110769.48880243851
3835,,,,1745.0,7288.933751250383,7288.933751250383,2497,2,148.957,104247.61336272713
3836,,,,1741.0,7290.933751250383,7290.933751250383,2498,2,148.907,108585.33454408517
3837,,,,1735.0,7292.933751250383,7292.933751250383,2499,2,148.856,110749.85746128701
3838,,,,1732.0,7294.933751250383,7294.933751250383,2500,2,148.8,121597.32483704576
3839,,,,1729.0,7296.933751250383,7296.933751250383,2501,2,148.746,117243.36629727995
3840,,,,1727.0,7298.933751250383,7298.933751250383,2502,2,148.692,117232.93388364266
3841,,,,1725.0,7300.933751250383,7300.933751250383,2503,2,148.641,110711.23528812207
3842,,,,1724.0,7302.933751250383,7302.933751250383,2504,2,148.592,106362.97247653747
3843,,,,1725.0,7304.933751250383,7304.933751250383,2505,2,148.547,97676.13194610998
3844,,,,1723.0,7306.933751250383,7306.933751250383,2506,2,148.505,91162.64995641346
3845,,,,1722.0,7308.933751250383,7308.933751250383,2507,2,148.464,88991.59663417116
3846,,,,1722.0,7310.933751250383,7310.933751250383,2508,2,148.428,78140.0787579472
3847,,,,1722.0,7312.933751250383,7312.933751250383,2509,2,148.393,75972.13081428874
3848,,,,1723.0,7314.933751250383,7314.933751250383,2510,2,148.361,69463.54721341698
3849,,,,1725.0,7316.933751250383,7316.933751250383,2511,2,148.332,62955.60773832426
3850,,,,1725.0,7318.933751250383,7318.933751250383,2512,2,148.305,58618.79688155218
3851,,,,1723.0,7320.933751250383,7320.933751250383,2513,2,148.275,65137.27595837763
3852,,,,1722.0,7322.933751250383,7322.933751250383,2514,2,148.25,54285.82326475034
3853,,,,1725.0,7324.933751250383,7324.933751250383,2515,2,148.226,52120.00941205898
3854,,,,1726.0,7326.933751250383,7326.933751250383,2516,2,148.211,32579.613906261515
3855,,,,1728.0,7328.933751250383,7328.933751250383,2517,2,148.201,21723.839110798268
3856,,,,1729.0,7330.933751250383,7330.933751250383,2518,2,148.195,13037.156640814144
3862,,,,1739.0,7342.933751250383,7342.933751250383,2524,2,148.185,21762.98705193609
3863,,,,1737.0,7344.933751250383,7344.933751250383,2525,2,148.172,28297.392912362408
3864,,,,1736.0,7346.933751250383,7346.933751250383,2526,2,148.151,45718.37444937791
3865,,,,1737.0,7348.933751250383,7348.933751250383,2527,2,148.126,54433.00112549262
3866,,,,1738.0,7350.933751250383,7350.933751250383,2528,2,148.095,67502.5293486162
3867,,,,1737.0,7352.933751250383,7352.933751250383,2529,2,148.06,76216.28332854707
3868,,,,1738.0,7354.933751250383,7354.933751250383,2530,2,148.018,91460.63115851732
3869,,,,1740.0,7356.933751250383,7356.933751250383,2531,2,147.974,95814.1155356288
3870,,,,1742.0,7358.933751250383,7358.933751250383,2532,2,147.934,87102.69473858259
3871,,,,1741.0,7360.933751250383,7360.933751250383,2533,2,147.895,84925.5291572196
3872,,,,1737.0,7362.933751250383,7362.933751250383,2534,2,147.856,84926.2057748102
3873,,,,1734.0,7364.933751250383,7364.933751250383,2535,2,147.816,87104.1876839708
3874,,,,1731.0,7366.933751250383,7366.933751250383,2536,2,147.774,91458.86179635169
3875,,,,1727.0,7368.933751250383,7368.933751250383,2537,2,147.733,89280.4317472537
3876,,,,1724.0,7370.933751250383,7370.933751250383,2538,2,147.693,87102.6189758585
3877,,,,1720.0,7372.933751250383,7372.933751250383,2539,2,147.655,82748.08702746709
3878,,,,1715.0,7375.933751250383,7375.933751250383,2540,2,147.615,87115.6783492507
3879,,,,1711.0,7377.933751250383,7377.933751250383,2541,2,147.577,82760.46675618968
3880,,,,1709.0,7379.933751250383,7379.933751250383,2542,2,147.542,76228.55340572674
3881,,,,1705.0,7381.933751250383,7381.933751250383,2543,2,147.504,82764.38097173774
3882,,,,1703.0,7383.933751250383,7383.933751250383,2544,2,147.464,87120.96682953558
3883,,,,1703.0,7385.933751250383,7385.933751250383,2545,2,147.427,80587.67942409251
3884,,,,1705.0,7387.933751250383,7387.933751250383,2546,2,147.394,71877.8945437256
3885,,,,1706.0,7389.933751250383,7389.933751250383,2547,2,147.361,71881.25745407729
3886,,,,1707.0,7391.933751250383,7391.933751250383,2548,2,147.322,84952.8113311412
3887,,,,1708.0,7393.933751250383,7393.933751250383,2549,2,147.283,84953.3042587318
3888,,,,1708.0,7395.933751250383,7395.933751250383,2550,2,147.245,82775.76388371622
3889,,,,1708.0,7397.933751250383,7397.933751250383,2551,2,147.206,84954.8306486218
3890,,,,1708.0,7399.933751250383,7399.933751250383,2552,2,147.169,80599.15342685173
3891,,,,1706.0,7401.933751250383,7401.933751250383,2553,2,147.137,69709.87246707913
3892,,,,1705.0,7403.933751250383,7403.933751250383,2554,2,147.105,69713.54479475656
3893,,,,1705.0,7405.933751250383,7405.933751250383,2555,2,147.07,76252.4196445854
3894,,,,1706.0,7407.933751250383,7407.933751250383,2556,2,147.037,71897.93066867864
3895,,,,1704.0,7409.933751250383,7409.933751250383,2557,2,147.002,76258.33285992946
3896,,,,1701.0,7411.933751250383,7411.933751250383,2558,2,146.965,80617.96537500476
3897,,,,1697.0,7413.933751250383,7413.933751250383,2559,2,146.923,91512.37881607731
3898,,,,1693.0,7415.933751250383,7415.933751250383,2560,2,146.881,91510.9019938029
3899,,,,1689.0,7417.933751250383,7417.933751250383,2561,2,146.836,98044.79614269314
3900,,,,1684.0,7419.933751250383,7419.933751250383,2562,2,146.789,102397.86824246748
3901,,,,1678.0,7421.933751250383,7421.933751250383,2563,2,146.745,95857.95567650166
3902,,,,1672.0,7423.933751250383,7423.933751250383,2564,2,146.695,108923.95599837038
3903,,,,1668.0,7425.933751250383,7425.933751250383,2565,2,146.643,113272.04484564647
3904,,,,1665.0,7427.933751250383,7427.933751250383,2566,2,146.59,115440.11077705544
3905,,,,1664.0,7429.933751250383,7429.933751250383,2567,2,146.54,108896.82402522599
3906,,,,1662.0,7431.933751250383,7431.933751250383,2568,2,146.492,104534.13172783125
3907,,,,1655.0,7433.933751250383,7433.933751250383,2569,2,146.422,152425.22895694795
3908,,,,1649.0,7435.933751250383,7435.933751250383,2570,2,146.375,102329.2974445419
3909,,,,1645.0,7437.933751250383,7437.933751250383,2571,2,146.328,102323.95957122889
3910,,,,1640.0,7439.933751250383,7439.933751250383,2572,2,146.286,91435.20853691541
3911,,,,1638.0,7441.933751250383,7441.933751250383,2573,2,146.246,87080.15056481375
3912,,,,1636.0,7443.933751250383,7443.933751250383,2574,2,146.207,84903.02953685685
3913,,,,1632.0,7445.933751250383,7445.933751250383,2575,2,146.167,87079.89738350584
3914,,,,1627.0,7447.933751250383,7447.933751250383,2576,2,146.124,93609.45217574306
3915,,,,1623.0,7449.933751250383,7449.933751250383,2577,2,146.083,89253.83445770951
3916,,,,1619.0,7451.933751250383,7451.933751250383,2578,2,146.039,95782.44681646588
3917,,,,1616.0,7453.933751250383,7453.933751250383,2579,2,146.0,84896.73499244728
3918,,,,1613.0,7455.933751250383,7455.933751250383,2580,2,145.963,80543.70107521703
3919,,,,1608.0,7457.933751250383,7457.933751250383,2581,2,145.927,78368.26617549204
3920,,,,1604.0,7459.933751250383,7459.933751250383,2582,2,145.892,76193.26425745731
3921,,,,1600.0,7461.933751250383,7461.933751250383,2583,2,145.859,71841.87891738645
3922,,,,1598.0,7463.933751250383,7463.933751250383,2584,2,145.83,63137.2737870778
3923,,,,1596.0,7465.933751250383,7465.933751250383,2585,2,145.803,58787.44175735005
3924,,,,1596.0,7467.933751250383,7467.933751250383,2586,2,145.775,60969.58524500004
3925,,,,1594.0,7469.933751250383,7469.933751250383,2587,2,145.747,60974.200756878075
3926,,,,1591.0,7471.933751250383,7471.933751250383,2588,2,145.718,63156.407953491565
3927,,,,1588.0,7473.933751250383,7473.933751250383,2589,2,145.692,56627.4548957096
3928,,,,1586.0,7475.933751250383,7475.933751250383,2590,2,145.662,65344.2960648566
3929,,,,1581.0,7477.933751250383,7477.933751250383,2591,2,145.634,60992.18132016206
3930,,,,1574.0,7479.933751250383,7479.933751250383,2592,2,145.602,69709.63155129437
3931,,,,1569.0,7481.933751250383,7481.933751250383,2593,2,145.564,82782.41945945339
3932,,,,1567.0,7483.933751250383,7483.933751250383,2594,2,145.527,80604.71310466669
3933,,,,1567.0,7485.933751250383,7485.933751250383,2595,2,145.492,76249.21340242229
3934,,,,1565.0,7487.933751250383,7487.933751250383,2596,2,145.458,74072.88704747632
3935,,,,1566.0,7489.933751250383,7489.933751250383,2597,2,145.425,71896.91517901562
3936,,,,1566.0,7491.933751250383,7491.933751250383,2598,2,145.392,71899.79602536731
3937,,,,1567.0,7493.933751250383,7493.933751250383,2599,2,145.364,61009.37364978124
3938,,,,1568.0,7495.933751250383,7495.933751250383,2600,2,145.336,61013.90236165928
3939,,,,1570.0,7497.933751250383,7497.933751250383,2601,2,145.306,65376.433839929894
3940,,,,1575.0,7499.933751250383,7499.933751250383,2602,2,145.275,67559.4857305476
3941,,,,1578.0,7501.933751250383,7501.933751250383,2603,2,145.245,65383.853802400314
3942,,,,1579.0,7503.933751250383,7503.933751250383,2604,2,145.214,67567.13789710037
3943,,,,1577.0,7505.933751250383,7505.933751250383,2605,2,145.182,69750.18040412269
3944,,,,1575.0,7507.933751250383,7507.933751250383,2606,2,145.143,85009.89378691117
3945,,,,1574.0,7509.933751250383,7509.933751250383,2607,2,145.106,80650.77817058025
3946,,,,1573.0,7511.933751250383,7511.933751250383,2608,2,145.066,87190.11361869569
3947,,,,1571.0,7513.933751250383,7513.933751250383,2609,2,145.029,80650.92062806564
3948,,,,1567.0,7515.933751250383,7515.933751250383,2610,2,144.989,87190.242986788
3949,,,,1564.0,7517.933751250383,7517.933751250383,2611,2,144.943,100265.72014488935
3950,,,,1562.0,7519.933751250383,7519.933751250383,2612,2,144.899,95902.07608654047
3951,,,,1560.0,7521.933751250383,7521.933751250383,2613,2,144.854,98077.6291601451
3952,,,,1556.0,7523.933751250383,7523.933751250383,2614,2,144.811,93715.07161241939
3953,,,,1555.0,7525.933751250383,7525.933751250383,2615,2,144.769,91533.11561886108
3954,,,,1555.0,7527.933751250383,7527.933751250383,2616,2,144.722,102425.64627040511
3955,,,,1556.0,7529.933751250383,7529.933751250383,2617,2,144.677,98061.9883955496
3956,,,,1559.0,7531.933751250383,7531.933751250383,2618,2,144.633,95878.80515722926
3957,,,,1563.0,7533.933751250383,7533.933751250383,2619,2,144.592,89339.08155741415
3958,,,,1566.0,7535.933751250383,7535.933751250383,2620,2,144.552,87158.80114290622
3959,,,,1569.0,7537.933751250383,7537.933751250383,2621,2,144.51,91515.06865216886
3960,,,,1570.0,7539.933751250383,7539.933751250383,2622,2,144.471,84977.00621940564
3961,,,,1567.0,7541.933751250383,7541.933751250383,2623,2,144.428,93690.85610852069
3962,,,,1565.0,7543.933751250383,7543.933751250383,2624,2,144.381,102401.53024994253
3963,,,,1561.0,7545.933751250383,7545.933751250383,2625,2,144.337,95860.46363493861
3964,,,,1554.0,7547.933751250383,7547.933751250383,2626,2,144.3,80608.67930385875
3965,,,,1547.0,7549.933751250383,7549.933751250383,2627,2,144.268,69717.41704740954
3966,,,,1543.0,7551.933751250383,7551.933751250383,2628,2,144.233,76255.9153709246
3967,,,,1542.0,7553.933751250383,7553.933751250383,2629,2,144.199,74079.07147116428
3968,,,,1538.0,7555.933751250383,7555.933751250383,2630,2,144.163,78438.39006161325
3969,,,,1537.0,7557.933751250383,7557.933751250383,2631,2,144.123,87153.85957656329
3970,,,,1536.0,7559.933751250383,7559.933751250383,2632,2,144.086,80617.11502097394
3971,,,,1533.0,7561.933751250383,7561.933751250383,2633,2,144.045,89331.92888099747
3972,,,,1529.0,7563.933751250383,7563.933751250383,2634,2,144.007,82794.63730673851
3973,,,,1525.0,7565.933751250383,7565.933751250383,2635,2,143.965,91508.63711703663
3974,,,,1519.0,7567.933751250383,7567.933751250383,2636,2,143.927,82792.40817359283
3975,,,,1511.0,7569.933751250383,7569.933751250383,2637,2,143.888,84970.87882200128
3976,,,,1506.0,7571.933751250383,7571.933751250383,2638,2,143.853,76256.45263314135
3977,,,,1502.0,7573.933751250383,7573.933751250383,2639,2,143.817,78436.56680000208
3978,,,,1498.0,7575.933751250383,7575.933751250383,2640,2,143.783,74080.51059327082
3979,,,,1493.0,7577.933751250383,7577.933751250383,2641,2,143.747,78439.79849383385
3980,,,,1489.0,7579.933751250383,7579.933751250383,2642,2,143.707,87155.2910613217
3981,,,,1487.0,7581.933751250383,7581.933751250383,2643,2,143.669,82796.90016053639
3982,,,,1489.0,7583.933751250383,7583.933751250383,2644,2,143.632,80618.25477472886
3983,,,,1492.0,7585.933751250383,7585.933751250383,2645,2,143.595,80618.74476211795
3984,,,,1497.0,7587.933751250383,7587.933751250383,2646,2,143.556,84976.42781957891
3985,,,,1500.0,7589.933751250383,7589.933751250383,2647,2,143.521,76261.3394028242
3986,,,,1502.0,7591.933751250383,7591.933751250383,2648,2,143.482,84977.40273396668
3987,,,,1503.0,7593.933751250383,7593.933751250383,2649,2,143.447,76262.1936059308
3988,,,,1504.0,7595.933751250383,7595.933751250383,2650,2,143.417,65369.99818856317
3989,,,,1504.0,7597.933751250383,7597.933751250383,2651,2,143.395,47941.92865138092
3990,,,,1505.0,7599.933751250383,7599.933751250383,2652,2,143.379,34871.414425339855
3991,,,,1504.0,7601.933751250383,7601.933751250383,2653,2,143.367,26157.889145233497
3992,,,,1501.0,7603.933751250383,7603.933751250383,2654,2,143.366,2180.298736245719
4012,,,,1484.0,7643.933751250383,7643.933751250383,2674,2,143.348,39449.210788009535
4013,,,,1481.0,7645.933751250383,7645.933751250383,2675,2,143.313,76712.68552740633
4014,,,,1479.0,7647.933751250383,7647.933751250383,2676,2,143.277,78905.56801575348
4015,,,,1480.0,7649.933751250383,7649.933751250383,2677,2,143.242,76714.79789660031
4016,,,,1486.0,7651.933751250383,7651.933751250383,2678,2,143.21,70141.17526118271
4017,,,,1494.0,7653.933751250383,7653.933751250383,2679,2,143.178,70143.83293292245
4018,,,,1498.0,7655.933751250383,7655.933751250383,2680,2,143.14,83297.2023120632
4019,,,,1504.0,7657.933751250383,7657.933751250383,2681,2,143.093,103021.8075168111
4020,,,,1509.0,7659.933751250383,7659.933751250383,2682,2,143.047,100823.41840479114
4021,,,,1515.0,7661.933751250383,7661.933751250383,2683,2,143.014,72328.75421691398
4022,,,,1518.0,7663.933751250383,7663.933751250383,2684,2,142.994,43838.92728657482
4028,,,,1536.0,7675.933751250383,7675.933751250383,2690,2,142.992,4390.419179591147
4029,,,,1538.0,7677.933751250383,7677.933751250383,2691,2,142.945,103184.0511224637
4030,,,,1546.0,7679.933751250383,7679.933751250383,2692,2,142.896,107566.75722618133
4031,,,,1554.0,7681.933751250383,7681.933751250383,2693,2,142.852,96584.27704426301
4032,,,,1558.0,7683.933751250383,7683.933751250383,2694,2,142.815,81216.71320799587
4033,,,,1557.0,7685.933751250383,7685.933751250383,2695,2,142.784,68047.94479613708
4034,,,,1554.0,7687.933751250383,7687.933751250383,2696,2,142.771,28539.262990409417
4035,,,,1554.0,7689.933751250383,7689.933751250383,2697,2,142.768,6587.327980163895
4043,,,,1568.0,7705.933751250383,7705.933751250383,2705,2,142.761,15401.8729064364
4044,,,,1569.0,7707.933751250383,7707.933751250383,2706,2,142.743,39611.62651890731
4045,,,,1572.0,7709.933751250383,7709.933751250383,2707,2,142.724,41817.701505207675
4046,,,,1576.0,7711.933751250383,7711.933751250383,2708,2,142.707,37420.8243633945
4047,,,,1582.0,7713.933751250383,7713.933751250383,2709,2,142.69,37426.07036368628
4048,,,,1586.0,7715.933751250383,7715.933751250383,2710,2,142.675,33027.86152385344
4049,,,,1592.0,7717.933751250383,7717.933751250383,2711,2,142.656,41841.14934839446
4050,,,,1597.0,7719.933751250383,7719.933751250383,2712,2,142.628,61666.46024821206
4051,,,,1602.0,7721.933751250383,7721.933751250383,2713,2,142.593,77086.01832628097
4052,,,,1605.0,7724.933751250383,7724.933751250383,2714,2,142.549,96918.93462671955
4053,,,,1609.0,7726.933751250383,7726.933751250383,2715,2,142.502,103520.79905819411
4054,,,,1614.0,7728.933751250383,7728.933751250383,2716,2,142.463,85896.5486506121
4055,,,,1613.0,7730.933751250383,7730.933751250383,2717,2,142.433,66075.36305988937
4056,,,,1608.0,7732.933751250383,7732.933751250383,2718,2,142.419,30838.383028715867
4064,,,,1631.0,7748.933751250383,7748.933751250383,2726,2,142.411,17657.03040297075
4065,,,,1633.0,7750.933751250383,7750.933751250383,2727,2,142.385,57393.30814417179
4066,,,,1638.0,7752.933751250383,7752.933751250383,2728,2,142.358,59605.02760854265
4067,,,,1642.0,7754.933751250383,7754.933751250383,2729,2,142.334,52986.42238826538
4068,,,,1648.0,7756.933751250383,7756.933751250383,2730,2,142.307,59614.417257054454
4069,,,,1652.0,7758.933751250383,7758.933751250383,2731,2,142.281,57410.585398382274
4070,,,,1654.0,7760.933751250383,7760.933751250383,2732,2,142.251,66247.02006332573
4071,,,,1654.0,7762.933751250383,7762.933751250383,2733,2,142.214,81706.46913334283
4072,,,,1652.0,7764.933751250383,7764.933751250383,2734,2,142.173,90538.09480338352
4073,,,,1645.0,7766.933751250383,7766.933751250383,2735,2,142.119,119236.1650205701
4074,,,,1639.0,7768.933751250383,7768.933751250383,2736,2,142.098,46369.32392353211
4075,,,,1635.0,7770.933751250383,7770.933751250383,2737,2,142.09,17667.248967224343
4086,,,,1660.0,7792.933751250383,7792.933751250383,2748,2,142.076,31002.815373031583
4087,,,,1659.0,7794.933751250383,7794.933751250383,2749,2,142.051,55368.77854855052
4088,,,,1661.0,7796.933751250383,7796.933751250383,2750,2,142.024,59802.676795405
4089,,,,1664.0,7798.933751250383,7798.933751250383,2751,2,142.001,50947.119650065906
4090,,,,1668.0,7800.933751250383,7800.933751250383,2752,2,141.982,42091.3188201575
4091,,,,1671.0,7802.933751250383,7802.933751250383,2753,2,141.965,37665.5337077179
4092,,,,1674.0,7804.933751250383,7804.933751250383,2754,2,141.947,39886.45832133149
4093,,,,1677.0,7806.933751250383,7806.933751250383,2755,2,141.92,59835.53330552095
4094,,,,1677.0,7808.933751250383,7808.933751250383,2756,2,141.883,81999.35653997677
4095,,,,1678.0,7810.933751250383,7810.933751250383,2757,2,141.84,95294.08693837264
4096,,,,1682.0,7812.933751250383,7812.933751250383,2758,2,141.803,81995.10681623236
4097,,,,1684.0,7814.933751250383,7814.933751250383,2759,2,141.77,73131.438885201
4098,,,,1683.0,7816.933751250383,7816.933751250383,2760,2,141.751,42109.032607689034
4099,,,,1680.0,7818.933751250383,7818.933751250383,2761,2,141.746,11083.22130838107
4109,,,,1710.0,7838.933751250383,7838.933751250383,2771,2,141.745,2222.267168086333
4110,,,,1713.0,7840.933751250383,7840.933751250383,2772,2,141.731,31118.031504994586
4111,,,,1714.0,7842.933751250383,7842.933751250383,2773,2,141.713,40014.58525541096
4112,,,,1715.0,7844.933751250383,7844.933751250383,2774,2,141.686,60027.652264577075
4113,,,,1718.0,7846.933751250383,7846.933751250383,2775,2,141.649,82262.50605320315
4114,,,,1720.0,7848.933751250383,7848.933751250383,2776,2,141.61,86707.96389234354
4115,,,,1722.0,7850.933751250383,7850.933751250383,2777,2,141.569,91152.00231861473
4116,,,,1725.0,7852.933751250383,7852.933751250383,2778,2,141.533,80034.52503047652
4117,,,,1725.0,7854.933751250383,7854.933751250383,2779,2,141.505,62250.85269440065
4118,,,,1726.0,7856.933751250383,7856.933751250383,2780,2,141.488,37798.77330214009
4119,,,,1730.0,7858.933751250383,7858.933751250383,2781,2,141.481,15566.84237261411
4130,,,,1754.0,7880.933751250383,7880.933751250383,2792,2,141.456,55745.193819450906
4131,,,,1753.0,7882.933751250383,7882.933751250383,2793,2,141.42,80276.13964147634
4132,,,,1755.0,7884.933751250383,7884.933751250383,2794,2,141.381,86964.81884167863
4133,,,,1757.0,7886.933751250383,7886.933751250383,2795,2,141.342,86962.88526720733
4134,,,,1758.0,7888.933751250383,7888.933751250383,2796,2,141.305,82501.98794563136
4135,,,,1757.0,7890.933751250383,7890.933751250383,2797,2,141.269,80271.81769773277
4136,,,,1756.0,7892.933751250383,7892.933751250383,2798,2,141.232,82501.18207350711
4137,,,,1756.0,7894.933751250383,7894.933751250383,2799,2,141.193,86959.3399231503
4138,,,,1758.0,7896.933751250383,7896.933751250383,2800,2,141.159,75810.31131016875
4139,,,,1761.0,7898.933751250383,7898.933751250383,2801,2,141.13,64663.68118148674
4140,,,,1763.0,7900.933751250383,7900.933751250383,2802,2,141.111,42369.38141485869
4141,,,,1764.0,7902.933751250383,7902.933751250383,2803,2,141.104,15612.285140211654
4154,,,,1773.0,7928.933751250383,7928.933751250383,2816,2,141.09,31324.965434027294
4155,,,,1770.0,7930.933751250383,7930.933751250383,2817,2,141.064,58181.361722931215
4156,,,,1770.0,7932.933751250383,7932.933751250383,2818,2,141.027,82798.94094850069
4157,,,,1771.0,7934.933751250383,7934.933751250383,2819,2,140.987,89510.4962769872
4158,,,,1768.0,7936.933751250383,7936.933751250383,2820,2,140.95,82795.46576798605
4159,,,,1763.0,7938.933751250383,7938.933751250383,2821,2,140.911,87269.35643635769
4160,,,,1759.0,7940.933751250383,7940.933751250383,2822,2,140.874,82792.53263256903
4161,,,,1755.0,7942.933751250383,7942.933751250383,2823,2,140.841,73842.23819717656
4162,,,,1750.0,7944.933751250383,7944.933751250383,2824,2,140.813,62656.22638173568
4163,,,,1745.0,7946.933751250383,7946.933751250383,2825,2,140.792,46995.82185940812
4164,,,,1742.0,7948.933751250383,7948.933751250383,2826,2,140.775,38048.67630214222
4165,,,,1742.0,7950.933751250383,7950.933751250383,2827,2,140.766,20146.624553379632
4166,,,,1743.0,7952.933751250383,7952.933751250383,2828,2,140.759,15672.647720256546
4167,,,,1744.0,7954.933751250383,7954.933751250383,2829,2,140.755,8957.700880177124
4168,,,,1744.0,7956.933751250383,7956.933751250383,2830,2,140.75,11199.583178218509
4169,,,,1746.0,7958.933751250383,7958.933751250383,2831,2,140.74,22403.602616374326
4170,,,,1747.0,7960.933751250383,7960.933751250383,2832,2,140.729,24648.316682327953
4171,,,,1748.0,7962.933751250383,7962.933751250383,2833,2,140.716,29134.662565080354
4172,,,,1749.0,7964.933751250383,7964.933751250383,2834,2,140.698,40345.98960014028
4173,,,,1751.0,7966.933751250383,7966.933751250383,2835,2,140.677,47075.61566945325
4174,,,,1751.0,7968.933751250383,7968.933751250383,2836,2,140.663,31387.717502033665
4175,,,,1750.0,7970.933751250383,7970.933751250383,2837,2,140.659,8969.59609911987
4183,,,,1764.0,7986.933751250383,7986.933751250383,2845,2,140.658,2246.8602421112323
4184,,,,1765.0,7988.933751250383,7988.933751250383,2846,2,140.628,67415.256574629
4185,,,,1764.0,7990.933751250383,7990.933751250383,2847,2,140.59,85393.3874910076
4186,,,,1767.0,7992.933751250383,7992.933751250383,2848,2,140.546,98872.46261605225
4187,,,,1771.0,7994.933751250383,7994.933751250383,2849,2,140.501,101112.84656941688
4188,,,,1772.0,7996.933751250383,7996.933751250383,2850,2,140.46,92119.88665108026
4189,,,,1772.0,7998.933751250383,7998.933751250383,2851,2,140.419,92116.03303780856
4190,,,,1772.0,8000.933751250383,8000.933751250383,2852,2,140.376,96604.7542853554
4191,,,,1770.0,8002.933751250383,8002.933751250383,2853,2,140.337,87614.57414251044
4192,,,,1766.0,8004.933751250383,8004.933751250383,2854,2,140.309,62903.473851476716
4193,,,,1767.0,8006.933751250383,8006.933751250383,2855,2,140.288,47181.153385761536
4194,,,,1771.0,8008.933751250383,8008.933751250383,2856,2,140.277,24717.291477169358
4195,,,,1771.0,8011.933751250383,8011.933751250383,2857,2,140.273,8990.992055632225
4204,,,,1762.0,8029.933751250383,8029.933751250383,2866,2,140.27,6758.225113099351
4205,,,,1765.0,8031.933751250383,8031.933751250383,2867,2,140.235,78854.91519129943
4206,,,,1766.0,8033.933751250383,8033.933751250383,2868,2,140.194,92370.868325162
4207,,,,1764.0,8035.933751250383,8035.933751250383,2869,2,140.147,105881.68007667965
4208,,,,1762.0,8037.933751250383,8037.933751250383,2870,2,140.067,180187.32545379412
4209,,,,1763.0,8039.933751250383,8039.933751250383,2871,2,140.017,112592.8402392862
4210,,,,1763.0,8041.933751250383,8041.933751250383,2872,2,139.969,108078.18543732839
4211,,,,1761.0,8043.933751250383,8043.933751250383,2873,2,139.922,105816.95909384072
4212,,,,1759.0,8045.933751250383,8045.933751250383,2874,2,139.876,103556.8638996709
4213,,,,1756.0,8047.933751250383,8047.933751250383,2875,2,139.836,90044.14581717197
4214,,,,1750.0,8049.933751250383,8049.933751250383,2876,2,139.797,87790.05786190784
4215,,,,1743.0,8051.933751250383,8051.933751250383,2877,2,139.759,85536.72288707753
4216,,,,1737.0,8053.933751250383,8053.933751250383,2878,2,139.714,101288.56622681576
4217,,,,1728.0,8055.933751250383,8055.933751250383,2879,2,139.668,103531.41263140699
4218,,,,1718.0,8057.933751250383,8057.933751250383,2880,2,139.619,110273.33103570265
4219,,,,1709.0,8059.933751250383,8059.933751250383,2881,2,139.568,114761.66493469974
4220,,,,1703.0,8061.933751250383,8061.933751250383,2882,2,139.514,121496.79213899342
4221,,,,1702.0,8063.933751250383,8063.933751250383,2883,2,139.466,107984.45942034802
4222,,,,1703.0,8065.933751250383,8065.933751250383,2884,2,139.425,92230.16952261163
4223,,,,1701.0,8067.933751250383,8067.933751250383,2885,2,139.385,89976.8243674908
4224,,,,1696.0,8069.933751250383,8069.933751250383,2886,2,139.338,105715.97881263208
4225,,,,1691.0,8071.933751250383,8071.933751250383,2887,2,139.287,114701.16961352142
4226,,,,1688.0,8073.933751250383,8073.933751250383,2888,2,139.231,125929.2093097483
4227,,,,1685.0,8075.933751250383,8075.933751250383,2889,2,139.178,119165.86990684285
4228,,,,1683.0,8077.933751250383,8077.933751250383,2890,2,139.123,123645.33724988563
4229,,,,1683.0,8079.933751250383,8079.933751250383,2891,2,139.072,114637.65566635651
4230,,,,1682.0,8081.933751250383,8081.933751250383,2892,2,139.02,116871.09827912465
4231,,,,1682.0,8083.933751250383,8083.933751250383,2893,2,138.966,121349.90201985941
4232,,,,1684.0,8085.933751250383,8085.933751250383,2894,2,138.912,121332.76734222211
4233,,,,1687.0,8087.933751250383,8087.933751250383,2895,2,138.858,121315.60933658482
4234,,,,1687.0,8089.933751250383,8089.933751250383,2896,2,138.806,116806.73498555683
4235,,,,1688.0,8091.933751250383,8091.933751250383,2897,2,138.754,116791.85086389391
4236,,,,1690.0,8093.933751250383,8093.933751250383,2898,2,138.7,121267.49193105346
4237,,,,1692.0,8095.933751250383,8095.933751250383,2899,2,138.647,119005.29571971997
4238,,,,1693.0,8097.933751250383,8097.933751250383,2900,2,138.594,118989.20030990546
4239,,,,1694.0,8099.933751250383,8099.933751250383,2901,2,138.543,114484.35834100658
4240,,,,1694.0,8101.933751250383,8101.933751250383,2902,2,138.493,112226.36593559556
4241,,,,1694.0,8103.933751250383,8103.933751250383,2903,2,138.446,105481.87952945726
4242,,,,1695.0,8105.933751250383,8105.933751250383,2904,2,138.4,103228.38542372116
4243,,,,1695.0,8107.933751250383,8107.933751250383,2905,2,138.356,98732.44978351124
4244,,,,1692.0,8109.933751250383,8109.933751250383,2906,2,138.315,91995.12271657283
4245,,,,1689.0,8111.933751250383,8111.933751250383,2907,2,138.276,87503.82685946312
4246,,,,1685.0,8113.933751250383,8113.933751250383,2908,2,138.238,85257.41853716792
4247,,,,1680.0,8115.933751250383,8115.933751250383,2909,2,138.199,87498.23075735311
4248,,,,1678.0,8117.933751250383,8117.933751250383,2910,2,138.161,85251.9425168556
4249,,,,1675.0,8119.933751250383,8119.933751250383,2911,2,138.127,76276.96871300747
4250,,,,1670.0,8121.933751250383,8121.933751250383,2912,2,138.093,76276.97838623835
4251,,,,1665.0,8123.933751250383,8123.933751250383,2913,2,138.056,83006.39871448957
4252,,,,1659.0,8125.933751250383,8125.933751250383,2914,2,138.019,83004.5849339424
4253,,,,1654.0,8127.933751250383,8127.933751250383,2915,2,137.982,83002.76020133148
4254,,,,1648.0,8129.933751250383,8129.933751250383,2916,2,137.943,87486.82684220815
4255,,,,1642.0,8131.933751250383,8131.933751250383,2917,2,137.9,96454.89107509913
4256,,,,1635.0,8133.933751250383,8133.933751250383,2918,2,137.854,103176.37931152838
4257,,,,1626.0,8135.933751250383,8135.933751250383,2919,2,137.808,103167.31740795683
4258,,,,1617.0,8137.933751250383,8137.933751250383,2920,2,137.76,107642.5981423032
4259,,,,1612.0,8139.933751250383,8139.933751250383,2921,2,137.716,98663.68116257706
4260,,,,1610.0,8141.933751250383,8141.933751250383,2922,2,137.675,91930.82638530723
4261,,,,1612.0,8143.933751250383,8143.933751250383,2923,2,137.637,85200.6621791458
4262,,,,1610.0,8145.933751250383,8145.933751250383,2924,2,137.596,91923.22115046662
4263,,,,1607.0,8147.933751250383,8147.933751250383,2925,2,137.555,91918.39690319492
4264,,,,1605.0,8149.933751250383,8149.933751250383,2926,2,137.51,100879.26872798157
4265,,,,1605.0,8151.933751250383,8151.933751250383,2927,2,137.466,98629.78994804957
4266,,,,1605.0,8153.933751250383,8153.933751250383,2928,2,137.426,89658.04626999468
4267,,,,1604.0,8155.933751250383,8155.933751250383,2929,2,137.388,85171.86156077341
4268,,,,1601.0,8157.933751250383,8157.933751250383,2930,2,137.348,89651.12348332317
4269,,,,1598.0,8159.933751250383,8159.933751250383,2931,2,137.309,87406.13404840505
4270,,,,1593.0,8161.933751250383,8161.933751250383,2932,2,137.27,87402.72869187004
4271,,,,1588.0,8163.933751250383,8163.933751250383,2933,2,137.228,94121.30644773412
4272,,,,1586.0,8165.933751250383,8165.933751250383,2934,2,137.183,100836.99209768226
4273,,,,1584.0,8167.933751250383,8167.933751250383,2935,2,137.137,103068.8689855609
4274,,,,1579.0,8169.933751250383,8169.933751250383,2936,2,137.089,107539.59613778268
4275,,,,1575.0,8171.933751250383,8171.933751250383,2937,2,137.041,107528.2655630569
4276,,,,1570.0,8173.933751250383,8173.933751250383,2938,2,136.991,111995.97068609405
4277,,,,1566.0,8175.933751250383,8175.933751250383,2939,2,136.942,109743.24495379705
4278,,,,1563.0,8177.933751250383,8177.933751250383,2940,2,136.894,107491.80800195926
4279,,,,1559.0,8179.933751250383,8179.933751250383,2941,2,136.843,114196.67678860346
4280,,,,1557.0,8181.933751250383,8181.933751250383,2942,2,136.793,111943.58119781931
4281,,,,1556.0,8183.933751250383,8183.933751250383,2943,2,136.743,111930.02512912668
4282,,,,1557.0,8185.933751250383,8185.933751250383,2944,2,136.693,111916.44906030681
4283,,,,1556.0,8187.933751250383,8187.933751250383,2945,2,136.641,116378.11556618896
4284,,,,1556.0,8189.933751250383,8189.933751250383,2946,2,136.588,118599.5526727746
4285,,,,1559.0,8191.933751250383,8191.933751250383,2947,2,136.538,111871.50488716245
4286,,,,1565.0,8193.933751250383,8193.933751250383,2948,2,136.495,96200.21549793551
4287,,,,1569.0,8195.933751250383,8195.933751250383,2949,2,136.454,91719.94878026455
4288,,,,1570.0,8197.933751250383,8197.933751250383,2950,2,136.409,100661.07587257009
4289,,,,1574.0,8199.933751250383,8199.933751250383,2951,2,136.363,102888.7671430019
4290,,,,1577.0,8201.933751250383,8201.933751250383,2952,2,136.321,93934.51632709385
4291,,,,1578.0,8203.933751250383,8203.933751250383,2953,2,136.276,100636.54779550406
4292,,,,1582.0,8205.933751250383,8205.933751250383,2954,2,136.234,93920.35827523972
4293,,,,1587.0,8207.933751250383,8207.933751250383,2955,2,136.193,91678.5734901203
4294,,,,1590.0,8209.933751250383,8209.933751250383,2956,2,136.156,82730.78814712747
4295,,,,1591.0,8211.933751250383,8211.933751250383,2957,2,136.118,84964.04990716638
4296,,,,1591.0,8213.933751250383,8213.933751250383,2958,2,136.08,84961.02089042922
4297,,,,1591.0,8215.933751250383,8215.933751250383,2959,2,136.048,71545.13983555234
4298,,,,1592.0,8217.933751250383,8217.933751250383,2960,2,136.033,33539.154494642375
4307,,,,1617.0,8235.933751250383,8235.933751250383,2969,2,136.009,53772.477349385794
4308,,,,1618.0,8237.933751250383,8237.933751250383,2970,2,135.976,73939.61557398752
4309,,,,1617.0,8239.933751250383,8239.933751250383,2971,2,135.937,87381.25913801754
4310,,,,1618.0,8241.933751250383,8241.933751250383,2972,2,135.895,94097.69608973913
4311,,,,1621.0,8243.933751250383,8243.933751250383,2973,2,135.854,91851.51087170302
4312,,,,1623.0,8245.933751250383,8245.933751250383,2974,2,135.815,87366.41847450432
4313,,,,1624.0,8247.933751250383,8247.933751250383,2975,2,135.779,80643.21549253853
4314,,,,1624.0,8249.933751250383,8249.933751250383,2976,2,135.746,73922.08763964355
4315,,,,1622.0,8251.933751250383,8251.933751250383,2977,2,135.723,51523.31668090972
4316,,,,1619.0,8253.933751250383,8253.933751250383,2978,2,135.717,13442.686664636934
4330,,,,1619.0,8281.933751250383,8281.933751250383,2992,2,135.691,58442.359964566975
4331,,,,1618.0,8283.933751250383,8283.933751250383,2993,2,135.662,65188.237980880134
4332,,,,1617.0,8285.933751250383,8285.933751250383,2994,2,135.631,69685.39058053037
4333,,,,1613.0,8287.933751250383,8287.933751250383,2995,2,135.599,71933.96068327654
4334,,,,1610.0,8289.933751250383,8289.933751250383,2996,2,135.562,83172.5488590937
4335,,,,1606.0,8291.933751250383,8291.933751250383,2997,2,135.524,85417.43180990007
4336,,,,1597.0,8293.933751250383,8293.933751250383,2998,2,135.484,89908.89592233667
4337,,,,1586.0,8295.933751250383,8295.933751250383,2999,2,135.452,71925.34741854478
4338,,,,1577.0,8298.933751250383,8298.933751250383,3000,2,135.436,35969.30505611948
4393,,,,1443.0,8408.933751250383,8408.933751250383,3055,2,135.387,111589.30060044426
4394,,,,1439.0,8410.933751250383,8410.933751250383,3056,2,135.338,111575.45195057074
4395,,,,1432.0,8412.933751250383,8412.933751250383,3057,2,135.288,113837.93046825548
4396,,,,1425.0,8414.933751250383,8414.933751250383,3058,2,135.235,120650.95552903769
4397,,,,1418.0,8416.933751250383,8416.933751250383,3059,2,135.181,122907.97209302333
4398,,,,1413.0,8418.933751250383,8418.933751250383,3060,2,135.127,122888.07779938604
4399,,,,1409.0,8420.933751250383,8420.933751250383,3061,2,135.078,111493.54180858888
4400,,,,1404.0,8422.933751250383,8422.933751250383,3062,2,135.033,102380.71763181585
4401,,,,1399.0,8424.933751250383,8424.933751250383,3063,2,134.987,104645.42812956331
4402,,,,1394.0,8426.933751250383,8426.933751250383,3064,2,134.936,116005.78518584868
4403,,,,1388.0,8428.933751250383,8428.933751250383,3065,2,134.887,111441.68938663296
4404,,,,1381.0,8430.933751250383,8430.933751250383,3066,2,134.838,111427.64669675946
4405,,,,1374.0,8432.933751250383,8432.933751250383,3067,2,134.788,113686.90978069301
4406,,,,1365.0,8434.933751250383,8434.933751250383,3068,2,134.735,120490.65842022141
4407,,,,1360.0,8436.933751250383,8436.933751250383,3069,2,134.681,122744.4269504558
4408,,,,1358.0,8438.933751250383,8438.933751250383,3070,2,134.628,120452.08290967932
4409,,,,1358.0,8440.933751250383,8440.933751250383,3071,2,134.582,104529.65365799173
4410,,,,1355.0,8442.933751250383,8442.933751250383,3072,2,134.534,109062.17085127602
4411,,,,1351.0,8444.933751250383,8444.933751250383,3073,2,134.487,106777.63256666435
4412,,,,1349.0,8446.933751250383,8446.933751250383,3074,2,134.438,111307.99129371042
4413,,,,1346.0,8448.933751250383,8448.933751250383,3075,2,134.389,111293.77416377237
4414,,,,1345.0,8450.933751250383,8450.933751250383,3076,2,134.34,111279.53782596342
4415,,,,1346.0,8452.933751250383,8452.933751250383,3077,2,134.295,102183.92362205773
4416,,,,1346.0,8454.933751250383,8454.933751250383,3078,2,134.253,95363.3330592967
4417,,,,1342.0,8456.933751250383,8456.933751250383,3079,2,134.212,93086.01950069955
4418,,,,1336.0,8458.933751250383,8458.933751250383,3080,2,134.165,106698.61337788151
4419,,,,1330.0,8460.933751250383,8460.933751250383,3081,2,134.116,111225.48061819145
4420,,,,1324.0,8462.933751250383,8462.933751250383,3082,2,134.067,111211.13314838246
4421,,,,1319.0,8464.933751250383,8464.933751250383,3083,2,134.022,102121.0030997895
4422,,,,1313.0,8466.933751250383,8466.933751250383,3084,2,133.977,102110.84002803243
4423,,,,1305.0,8468.933751250383,8468.933751250383,3085,2,133.932,102100.66075640435
4424,,,,1298.0,8470.933751250383,8470.933751250383,3086,2,133.883,111163.51300691543
4425,,,,1293.0,8472.933751250383,8472.933751250383,3087,2,133.837,104345.19589874554
4426,,,,1288.0,8474.933751250383,8474.933751250383,3088,2,133.792,102066.21202107413
4427,,,,1282.0,8476.933751250383,8476.933751250383,3089,2,133.75,95253.30400643886
4428,,,,1276.0,8478.933751250383,8478.933751250383,3090,2,133.704,104315.33838530078
4429,,,,1272.0,8480.933751250383,8480.933751250383,3091,2,133.66,99769.84034467478
4430,,,,1271.0,8482.933751250383,8482.933751250383,3092,2,133.617,97493.60262203122
4431,,,,1267.0,8484.933751250383,8484.933751250383,3093,2,133.58,83884.50721066487
4432,,,,1261.0,8486.933751250383,8486.933751250383,3094,2,133.538,95214.5363301966
4433,,,,1256.0,8488.933751250383,8488.933751250383,3095,2,133.497,92940.53939486378
4434,,,,1253.0,8490.933751250383,8490.933751250383,3096,2,133.454,97466.5200007062
4435,,,,1250.0,8492.933751250383,8492.933751250383,3097,2,133.414,90659.68977319387
4436,,,,1246.0,8494.933751250383,8494.933751250383,3098,2,133.373,92919.85351848105
4437,,,,1241.0,8496.933751250383,8496.933751250383,3099,2,133.333,90647.32852242135
4438,,,,1235.0,8498.933751250383,8498.933751250383,3100,2,133.29,97438.48218307855
4439,,,,1230.0,8500.933751250383,8500.933751250383,3101,2,133.243,106491.63064952816
4440,,,,1226.0,8502.933751250383,8502.933751250383,3102,2,133.198,101948.85772273231
4441,,,,1222.0,8504.933751250383,8504.933751250383,3103,2,133.152,104203.29881374168
4442,,,,1217.0,8506.933751250383,8506.933751250383,3104,2,133.11,95133.07416790727
4443,,,,1213.0,8508.933751250383,8508.933751250383,3105,2,133.066,99654.4538076294
4444,,,,1208.0,8510.933751250383,8510.933751250383,3106,2,133.023,97380.63159028233
4445,,,,1203.0,8512.933751250383,8512.933751250383,3107,2,132.979,99636.12576276546
4446,,,,1199.0,8514.933751250383,8514.933751250383,3108,2,132.938,92834.89117163832
4447,,,,1195.0,8516.933751250383,8516.933751250383,3109,2,132.897,92828.06243430225
4448,,,,1190.0,8518.933751250383,8518.933751250383,3110,2,132.858,88294.02032344944
4449,,,,1185.0,8520.933751250383,8520.933751250383,3111,2,132.816,95079.20324405076
4450,,,,1180.0,8522.933751250383,8522.933751250383,3112,2,132.776,90544.92083446565
4451,,,,1175.0,8524.933751250383,8524.933751250383,3113,2,132.734,95065.11673237215
4452,,,,1169.0,8526.933751250383,8526.933751250383,3114,2,132.691,97320.23980981662
4453,,,,1165.0,8528.933751250383,8528.933751250383,3115,2,132.646,101836.87626403454
4454,,,,1160.0,8530.933751250383,8530.933751250383,3116,2,132.602,99563.777088634
4455,,,,1156.0,8532.933751250383,8532.933751250383,3117,2,132.558,99554.07939321347
4456,,,,1152.0,8534.933751250383,8534.933751250383,3118,2,132.513,101806.35409696777
4457,,,,1149.0,8536.933751250383,8536.933751250383,3119,2,132.47,97272.11959694035
4458,,,,1147.0,8538.933751250383,8538.933751250383,3120,2,132.425,101786.43852165787
4459,,,,1143.0,8540.933751250383,8540.933751250383,3121,2,132.384,92730.36115518645
4460,,,,1138.0,8542.933751250383,8542.933751250383,3122,2,132.34,99506.8621520652
4461,,,,1133.0,8544.933751250383,8544.933751250383,3123,2,132.293,106279.75830954152
4462,,,,1130.0,8546.933751250383,8546.933751250383,3124,2,132.245,108527.46051304125
4463,,,,1129.0,8548.933751250383,8548.933751250383,3125,2,132.201,99472.17873048417
4464,,,,1128.0,8550.933751250383,8550.933751250383,3126,2,132.16,92681.8692939792
4465,,,,1125.0,8552.933751250383,8552.933751250383,3127,2,132.118,94934.79348834744
4466,,,,1121.0,8554.933751250383,8554.933751250383,3128,2,132.077,92666.99961886818
4467,,,,1117.0,8556.933751250383,8556.933751250383,3129,2,132.033,99438.75801390567
4468,,,,1113.0,8558.933751250383,8558.933751250383,3130,2,131.99,97169.48072962448
4469,,,,1109.0,8560.933751250383,8560.933751250383,3131,2,131.947,97160.52837467659
4470,,,,1107.0,8562.933751250383,8562.933751250383,3132,2,131.903,99410.52309179136
4471,,,,1105.0,8564.933751250383,8564.933751250383,3133,2,131.862,92624.31978683364
4472,,,,1103.0,8566.933751250383,8566.933751250383,3134,2,131.823,88099.90512171107
4473,,,,1100.0,8568.933751250383,8568.933751250383,3135,2,131.784,88094.40585530396
4474,,,,1097.0,8570.933751250383,8570.933751250383,3136,2,131.747,83572.14946877796
4475,,,,1095.0,8572.933751250383,8572.933751250383,3137,2,131.709,85826.45170606264
4476,,,,1092.0,8574.933751250383,8574.933751250383,3138,2,131.671,85821.70995338903
4477,,,,1090.0,8576.933751250383,8576.933751250383,3139,2,131.631,90332.95242285116
4478,,,,1088.0,8578.933751250383,8578.933751250383,3140,2,131.591,90326.56399484717
4479,,,,1085.0,8580.933751250383,8580.933751250383,3141,2,131.551,90320.16276690734
4480,,,,1081.0,8582.933751250383,8582.933751250383,3142,2,131.512,88056.23975477324
4481,,,,1077.0,8584.933751250383,8584.933751250383,1,3,131.469,97080.00190203017
4483,,,,1075.0,8585.933751250383,8585.933751250383,2,3,131.448,47405.14682559715
4484,,,,1072.0,8587.933751250383,8587.933751250383,3,3,131.407,92552.63437357452
4485,,,,1070.0,8589.933751250383,8589.933751250383,4,3,131.364,97058.97571525638
4486,,,,1069.0,8591.933751250383,8591.933751250383,5,3,131.327,83509.87575485329
4487,,,,1066.0,8593.933751250383,8593.933751250383,6,3,131.293,76735.9219795963
4488,,,,1063.0,8595.933751250383,8595.933751250383,7,3,131.257,81247.04663007145
4489,,,,1060.0,8597.933751250383,8597.933751250383,8,3,131.222,78987.19685829803
4490,,,,1058.0,8599.933751250383,8599.933751250383,9,3,131.182,90266.28064257039
4491,,,,1058.0,8601.933751250383,8601.933751250383,10,3,131.144,85747.41318271979
4492,,,,1060.0,8603.933751250383,8603.933751250383,11,3,131.107,83486.43851738292
4493,,,,1059.0,8605.933751250383,8605.933751250383,12,3,131.073,76714.3261706776
4494,,,,1056.0,8607.933751250383,8607.933751250383,13,3,131.04,74456.29419830411
4495,,,,1051.0,8609.933751250383,8609.933751250383,14,3,131.003,83478.39618923329
4496,,,,1047.0,8611.933751250383,8611.933751250383,15,3,130.963,90241.35348318434
4497,,,,1045.0,8613.933751250383,8613.933751250383,16,3,130.923,90234.74617518035
4498,,,,1043.0,8615.933751250383,8615.933751250383,17,3,130.88,96994.12406679433
4499,,,,1040.0,8617.933751250383,8617.933751250383,18,3,130.839,92474.55714117626
4500,,,,1037.0,8619.933751250383,8619.933751250383,19,3,130.8,87957.12302296385
4501,,,,1033.0,8621.933751250383,8621.933751250383,20,3,130.757,96970.4664255736
4502,,,,1028.0,8623.933751250383,8623.933751250383,21,3,130.714,96961.06902056148
4503,,,,1024.0,8625.933751250383,8625.933751250383,22,3,130.673,92442.98476295426
4504,,,,1022.0,8627.933751250383,8627.933751250383,23,3,130.632,92435.41138368256
4505,,,,1023.0,8629.933751250383,8629.933751250383,24,3,130.592,90173.83256944726
4506,,,,1022.0,8631.933751250383,8631.933751250383,25,3,130.555,83405.53332351185
4507,,,,1022.0,8633.933751250383,8633.933751250383,26,3,130.52,78893.6488937616
4508,,,,1020.0,8635.933751250383,8635.933751250383,27,3,130.486,76637.03783912676
4509,,,,1017.0,8637.933751250383,8637.933751250383,28,3,130.447,87902.95673305693
4510,,,,1013.0,8639.933751250383,8639.933751250383,29,3,130.403,99163.97563662624
4511,,,,1010.0,8641.933751250383,8641.933751250383,30,3,130.358,101406.56791091287
4512,,,,1008.0,8643.933751250383,8643.933751250383,31,3,130.309,110406.22567773685
4513,,,,1010.0,8645.933751250383,8645.933751250383,32,3,130.26,110390.25326986333
4514,,,,1015.0,8647.933751250383,8647.933751250383,33,3,130.215,101365.67447353428
4515,,,,1023.0,8649.933751250383,8649.933751250383,34,3,130.175,90094.24997950556
4516,,,,1029.0,8651.933751250383,8651.933751250383,35,3,130.137,85583.68278893319
4517,,,,1029.0,8653.933751250383,8653.933751250383,36,3,130.095,94585.28049412994
4518,,,,1030.0,8655.933751250383,8655.933751250383,37,3,130.057,85570.62213572557
4519,,,,1025.0,8657.933751250383,8657.933751250383,38,3,130.039,40534.09086537548
4527,,,,1040.0,8673.933751250383,8673.933751250383,46,3,130.023,36092.16894746283
4528,,,,1041.0,8675.933751250383,8675.933751250383,47,3,129.982,92487.2323547409
4529,,,,1041.0,8677.933751250383,8677.933751250383,48,3,129.945,83458.2835879804
4530,,,,1036.0,8679.933751250383,8679.933751250383,49,3,129.91,78943.34647258319
4531,,,,1030.0,8681.933751250383,8681.933751250383,50,3,129.886,54132.759860158316
4532,,,,1026.0,8683.933751250383,8683.933751250383,51,3,129.876,22557.559990902504
4540,,,,1038.0,8699.933751250383,8699.933751250383,59,3,129.858,40674.034673052345
4541,,,,1044.0,8701.933751250383,8701.933751250383,60,3,129.819,88127.98997824983
4542,,,,1042.0,8703.933751250383,8703.933751250383,61,3,129.785,76825.58459700804
4543,,,,1036.0,8705.933751250383,8705.933751250383,62,3,129.764,47451.94438323868
4544,,,,1037.0,8707.933751250383,8707.933751250383,63,3,129.758,13559.402297952525
4552,,,,1057.0,8723.933751250383,8723.933751250383,71,3,129.747,24902.94870929076
4553,,,,1062.0,8725.933751250383,8725.933751250383,72,3,129.713,76977.04621742624
4554,,,,1065.0,8727.933751250383,8727.933751250383,73,3,129.678,79238.16122846285
4555,,,,1062.0,8729.933751250383,8729.933751250383,74,3,129.639,88288.988992318
4556,,,,1060.0,8731.933751250383,8731.933751250383,75,3,129.599,90545.96167231219
4557,,,,1063.0,8733.933751250383,8733.933751250383,76,3,129.569,67906.68427332434
4558,,,,1062.0,8735.933751250383,8735.933751250383,77,3,129.554,33955.22042134791
4559,,,,1060.0,8737.933751250383,8737.933751250383,78,3,129.544,22639.81159079413
4568,,,,1080.0,8755.933751250383,8755.933751250383,87,3,129.534,22684.698044108307
4569,,,,1086.0,8757.933751250383,8757.933751250383,88,3,129.5,77132.48878490874
4570,,,,1088.0,8760.933751250383,8760.933751250383,89,3,129.46,90749.2561689339
4571,,,,1091.0,8762.933751250383,8762.933751250383,90,3,129.416,99814.58246272782
4572,,,,1093.0,8764.933751250383,8764.933751250383,91,3,129.374,95267.64263041924
4573,,,,1094.0,8766.933751250383,8766.933751250383,92,3,129.34,77116.36894969514
4574,,,,1092.0,8768.933751250383,8768.933751250383,93,3,129.313,61238.99758221301
4575,,,,1089.0,8770.933751250383,8770.933751250383,94,3,129.301,27219.435133751427
4585,,,,1100.0,8790.933751250383,8790.933751250383,104,3,129.294,15913.04059377891
4586,,,,1102.0,8792.933751250383,8792.933751250383,105,3,129.256,86389.6948126847
4587,,,,1104.0,8794.933751250383,8794.933751250383,106,3,129.213,97748.36246534769
4588,,,,1107.0,8796.933751250383,8796.933751250383,107,3,129.168,102283.2242811537
4589,,,,1110.0,8798.933751250383,8798.933751250383,108,3,129.123,102270.84288952574
4590,,,,1113.0,8800.933751250383,8800.933751250383,109,3,129.09,74993.01172145385
4591,,,,1111.0,8802.933751250383,8802.933751250383,110,3,129.065,56813.03406386398
4592,,,,1109.0,8804.933751250383,8804.933751250383,111,3,129.052,29545.14010594132
4593,,,,1110.0,8806.933751250383,8806.933751250383,112,3,129.046,13638.311923981844
4600,,,,1115.0,8820.933751250383,8820.933751250383,119,3,129.032,31870.845169130822
4601,,,,1116.0,8822.933751250383,8822.933751250383,120,3,128.996,81956.30219883792
4602,,,,1118.0,8824.933751250383,8824.933751250383,121,3,128.952,100160.45649579684
4603,,,,1122.0,8826.933751250383,8826.933751250383,122,3,128.906,104700.39222855878
4604,,,,1124.0,8828.933751250383,8828.933751250383,123,3,128.864,95585.03862851569
4605,,,,1122.0,8830.933751250383,8830.933751250383,124,3,128.825,88749.74500964813
4606,,,,1121.0,8832.933751250383,8832.933751250383,125,3,128.797,63715.625648190384
4607,,,,1117.0,8834.933751250383,8834.933751250383,126,3,128.782,34135.40101066879
4608,,,,1113.0,8836.933751250383,8836.933751250383,127,3,128.777,11380.159100245824
4654,,,,1080.0,8928.933751250383,8928.933751250383,173,3,128.759,41391.3938861179
4655,,,,1084.0,8930.933751250383,8930.933751250383,174,3,128.732,62090.1466886364
4656,,,,1086.0,8932.933751250383,8932.933751250383,175,3,128.705,62091.02698522709
4657,,,,1086.0,8934.933751250383,8934.933751250383,176,3,128.681,55193.44460398604
4658,,,,1085.0,8936.933751250383,8936.933751250383,177,3,128.658,52895.896676155986
4659,,,,1087.0,8938.933751250383,8938.933751250383,178,3,128.633,57497.68009477176
4660,,,,1091.0,8940.933751250383,8940.933751250383,179,3,128.605,64398.541656562105
4661,,,,1095.0,8942.933751250383,8942.933751250383,180,3,128.58,57499.71042033094
4662,,,,1098.0,8944.933751250383,8944.933751250383,181,3,128.558,50601.81224848396
4663,,,,1099.0,8946.933751250383,8946.933751250383,182,3,128.535,52904.462894926044
4664,,,,1102.0,8948.933751250383,8948.933751250383,183,3,128.509,59807.01290609054
4665,,,,1104.0,8950.933751250383,8950.933751250383,184,3,128.481,64408.41301252804
4666,,,,1106.0,8952.933751250383,8952.933751250383,185,3,128.45,71308.87287093146
4667,,,,1109.0,8954.933751250383,8954.933751250383,186,3,128.419,71307.59121019619
4668,,,,1114.0,8956.933751250383,8956.933751250383,187,3,128.392,62106.45606702882
4669,,,,1119.0,8958.933751250383,8958.933751250383,188,3,128.371,48306.776842187486
4670,,,,1122.0,8960.933751250383,8960.933751250383,189,3,128.349,50609.920077707466
4671,,,,1128.0,8962.933751250383,8962.933751250383,190,3,128.33,43711.34057435391
4672,,,,1133.0,8964.933751250383,8964.933751250383,191,3,128.31,46015.211958441505
4673,,,,1139.0,8966.933751250383,8966.933751250383,192,3,128.286,55221.10398806233
4674,,,,1145.0,8968.933751250383,8968.933751250383,193,3,128.257,66726.59796905541
4675,,,,1149.0,8970.933751250383,8970.933751250383,194,3,128.218,89731.98912026183
4676,,,,1155.0,8972.933751250383,8972.933751250383,195,3,128.18,87424.40618217735
4677,,,,1158.0,8974.933751250383,8974.933751250383,196,3,128.145,80517.49628261606
4678,,,,1157.0,8976.933751250383,8976.933751250383,197,3,128.112,75913.26970574315
4679,,,,1155.0,8978.933751250383,8978.933751250383,198,3,128.096,36807.59453662533
4687,,,,1195.0,8994.933751250383,8994.933751250383,206,3,128.075,48389.06465385737
4688,,,,1197.0,8996.933751250383,8996.933751250383,207,3,128.042,76040.83349174695
4689,,,,1196.0,8998.933751250383,8998.933751250383,208,3,128.003,89861.1477012534
4690,,,,1194.0,9000.933751250383,9000.933751250383,209,3,127.965,87550.13839668185
4691,,,,1192.0,9002.933751250383,9002.933751250383,210,3,127.93,80633.20062965972
4692,,,,1190.0,9004.933751250383,9004.933751250383,211,3,127.901,66808.49498899232
4693,,,,1194.0,9006.933751250383,9006.933751250383,212,3,127.882,43772.59017820529
4694,,,,1200.0,9008.933751250383,9008.933751250383,213,3,127.874,18432.71088390087
4705,,,,1237.0,9030.933751250383,9030.933751250383,224,3,127.868,13857.534356474176
4706,,,,1236.0,9032.933751250383,9032.933751250383,225,3,127.826,97006.01242887671
4707,,,,1236.0,9034.933751250383,9034.933751250383,226,3,127.785,94686.56649471796
4708,,,,1242.0,9036.933751250383,9036.933751250383,227,3,127.753,73896.9592616565
4709,,,,1246.0,9038.933751250383,9038.933751250383,228,3,127.733,46186.420567429916
4710,,,,1248.0,9040.933751250383,9040.933751250383,229,3,127.722,25405.069045705175
4711,,,,1250.0,9042.933751250383,9042.933751250383,230,3,127.721,2309.9541261988547
4718,,,,1282.0,9056.933751250383,9056.933751250383,237,3,127.717,9253.940174218891
4719,,,,1284.0,9059.933751250383,9059.933751250383,238,3,127.679,87927.0919326974
4720,,,,1284.0,9061.933751250383,9061.933751250383,239,3,127.64,90233.67067398778
4721,,,,1286.0,9063.933751250383,9063.933751250383,240,3,127.597,99478.40413133416
4722,,,,1290.0,9065.933751250383,9065.933751250383,241,3,127.557,92528.3704146432
4723,,,,1294.0,9067.933751250383,9067.933751250383,242,3,127.52,85581.78948631887
4724,,,,1298.0,9069.933751250383,9069.933751250383,243,3,127.486,78638.17588980714
4725,,,,1301.0,9071.933751250383,9071.933751250383,244,3,127.459,62446.79205574065
4726,,,,1304.0,9073.933751250383,9073.933751250383,245,3,127.439,46258.55130654806
4727,,,,1309.0,9075.933751250383,9075.933751250383,246,3,127.427,27757.76317732234
4728,,,,1314.0,9077.933751250383,9077.933751250383,247,3,127.425,4627.059144769419
4736,,,,1335.0,9093.933751250383,9093.933751250383,255,3,127.401,55616.898290309226
4737,,,,1340.0,9095.933751250383,9095.933751250383,256,3,127.358,99642.65242097806
4738,,,,1340.0,9097.933751250383,9097.933751250383,257,3,127.32,88047.65573226119
4739,,,,1341.0,9099.933751250383,9099.933751250383,258,3,127.288,74141.30984121926
4740,,,,1342.0,9101.933751250383,9101.933751250383,259,3,127.266,50972.54017052736
4741,,,,1345.0,9103.933751250383,9103.933751250383,260,3,127.25,37073.54884214426
4742,,,,1347.0,9105.933751250383,9105.933751250383,261,3,127.243,16221.774787110337
4752,,,,1373.0,9125.933751250383,9125.933751250383,271,3,127.222,48766.84537225235
4753,,,,1376.0,9127.933751250383,9127.933751250383,272,3,127.177,104496.17482726653
4754,,,,1378.0,9129.933751250383,9129.933751250383,273,3,127.138,90553.28497602383
4755,,,,1379.0,9131.933751250383,9131.933751250383,274,3,127.108,69652.72885561478
4756,,,,1375.0,9133.933751250383,9133.933751250383,275,3,127.089,44114.552597577946
4757,,,,1373.0,9135.933751250383,9135.933751250383,276,3,127.084,11610.538446772258
4768,,,,1421.0,9157.933751250383,9157.933751250383,287,3,127.045,90764.56530459227
4769,,,,1427.0,9159.933751250383,9159.933751250383,288,3,127.001,102389.95930987966
4770,,,,1428.0,9161.933751250383,9161.933751250383,289,3,126.966,81439.00901515834
4771,,,,1425.0,9163.933751250383,9163.933751250383,290,3,126.937,67475.75786605959
4772,,,,1426.0,9165.933751250383,9165.933751250383,291,3,126.92,39556.21955294034
4773,,,,1430.0,9167.933751250383,9167.933751250383,292,3,126.913,16289.868895179608
4782,,,,1474.0,9185.933751250383,9185.933751250383,301,3,126.905,18652.44266298862
4783,,,,1479.0,9187.933751250383,9187.933751250383,302,3,126.864,95596.12316495598
4784,,,,1483.0,9189.933751250383,9189.933751250383,303,3,126.821,100247.97877851083
4785,,,,1485.0,9191.933751250383,9191.933751250383,304,3,126.788,76928.18518179124
4786,,,,1489.0,9193.933751250383,9193.933751250383,305,3,126.77,41961.51817379339
4787,,,,1497.0,9195.933751250383,9195.933751250383,306,3,126.768,4663.037302838171
4794,,,,1527.0,9209.933751250383,9209.933751250383,313,3,126.736,74712.16146165504
4795,,,,1534.0,9211.933751250383,9211.933751250383,314,3,126.692,102720.72565534881
4796,,,,1543.0,9213.933751250383,9213.933751250383,315,3,126.651,95705.71035205662
4797,,,,1550.0,9215.933751250383,9215.933751250383,316,3,126.614,86360.718075867
4798,,,,1553.0,9217.933751250383,9217.933751250383,317,3,126.583,72352.54833248943
4799,,,,1556.0,9219.933751250383,9219.933751250383,318,3,126.557,60682.28477457081
4800,,,,1561.0,9221.933751250383,9221.933751250383,319,3,126.544,30343.048506890107
4801,,,,1564.0,9223.933751250383,9223.933751250383,320,3,126.538,14006.469609804226
4810,,,,1594.0,9241.933751250383,9241.933751250383,329,3,126.531,16371.928527444745
4811,,,,1601.0,9243.933751250383,9243.933751250383,330,3,126.494,86541.0144841891
4812,,,,1604.0,9245.933751250383,9245.933751250383,331,3,126.457,86534.42296757817
4813,,,,1607.0,9247.933751250383,9247.933751250383,332,3,126.418,91204.2786465204
4814,,,,1610.0,9249.933751250383,9249.933751250383,333,3,126.376,98209.76561397448
4815,,,,1615.0,9251.933751250383,9251.933751250383,334,3,126.344,74820.75832373688
4816,,,,1621.0,9253.933751250383,9253.933751250383,335,3,126.316,65466.769244526135
4817,,,,1624.0,9255.933751250383,9255.933751250383,336,3,126.304,28058.807810891525
4818,,,,1625.0,9257.933751250383,9257.933751250383,337,3,126.301,7015.801065704075
4826,,,,1652.0,9273.933751250383,9273.933751250383,345,3,126.295,14055.351418985583
4827,,,,1657.0,9275.933751250383,9275.933751250383,346,3,126.252,100732.19736632722
4828,,,,1662.0,9277.933751250383,9277.933751250383,347,3,126.209,100719.60660928181
4829,,,,1663.0,9279.933751250383,9279.933751250383,348,3,126.165,103048.61602366764
4830,,,,1668.0,9281.933751250383,9281.933751250383,349,3,126.124,96010.92115096335
4831,,,,1676.0,9283.933751250383,9283.933751250383,350,3,126.092,74929.81232016347
4832,,,,1681.0,9285.933751250383,9285.933751250383,351,3,126.069,53855.657834919046
4833,,,,1683.0,9287.933751250383,9287.933751250383,352,3,126.053,37467.0789317365
4834,,,,1688.0,9289.933751250383,9289.933751250383,353,3,126.043,23419.551389530865
4835,,,,1692.0,9291.933751250383,9291.933751250383,354,3,126.041,4684.695655522772
4849,,,,1743.0,9319.933751250383,9319.933751250383,368,3,126.026,35238.716113147784
4850,,,,1746.0,9321.933751250383,9321.933751250383,369,3,125.98,108062.42889819162
4851,,,,1751.0,9323.933751250383,9323.933751250383,370,3,125.933,110394.54578469374
4852,,,,1757.0,9325.933751250383,9325.933751250383,371,3,125.894,91592.35483227255
4853,,,,1760.0,9327.933751250383,9327.933751250383,372,3,125.855,91583.62176380125
4854,,,,1761.0,9329.933751250383,9329.933751250383,373,3,125.814,96270.25898700663
4855,,,,1765.0,9331.933751250383,9331.933751250383,374,3,125.77,103301.66971847415
4856,,,,1768.0,9334.933751250383,9334.933751250383,375,3,125.733,86867.26219988787
4857,,,,1770.0,9336.933751250383,9336.933751250383,376,3,125.702,72776.59007012872
4858,,,,1772.0,9338.933751250383,9338.933751250383,377,3,125.681,49300.63284700394
4859,,,,1776.0,9340.933751250383,9340.933751250383,378,3,125.667,32869.55023112006
4860,,,,1779.0,9342.933751250383,9342.933751250383,379,3,125.663,9392.638158818514
4871,,,,1817.0,9364.933751250383,9364.933751250383,390,3,125.636,63541.75914240009
4872,,,,1820.0,9366.933751250383,9366.933751250383,391,3,125.596,94130.94000774671
4873,,,,1826.0,9368.933751250383,9368.933751250383,392,3,125.554,98826.32388831816
4874,,,,1831.0,9370.933751250383,9370.933751250383,393,3,125.517,87052.47919084127
4875,,,,1833.0,9372.933751250383,9372.933751250383,394,3,125.482,82340.89495204529
4876,,,,1835.0,9374.933751250383,9374.933751250383,395,3,125.443,91743.80480977106
4877,,,,1838.0,9376.933751250383,9376.933751250383,396,3,125.41,77623.65475598254
4878,,,,1837.0,9378.933751250383,9378.933751250383,397,3,125.387,54100.79430427478
4879,,,,1836.0,9380.933751250383,9380.933751250383,398,3,125.377,23524.004711997542
4889,,,,1861.0,9400.933751250383,9400.933751250383,408,3,125.357,47142.674463710886
4890,,,,1861.0,9402.933751250383,9402.933751250383,409,3,125.317,94282.84060645227
4891,,,,1861.0,9404.933751250383,9404.933751250383,410,3,125.271,108411.12278746499
4892,,,,1864.0,9406.933751250383,9406.933751250383,411,3,125.227,103682.39599610437
4893,,,,1866.0,9408.933751250383,9408.933751250383,412,3,125.19,87177.80763792855
4894,,,,1865.0,9410.933751250383,9410.933751250383,413,3,125.156,80103.64711025868
4895,,,,1866.0,9412.933751250383,9412.933751250383,414,3,125.127,68321.02164388669
4896,,,,1870.0,9414.933751250383,9414.933751250383,415,3,125.109,42407.19651920364
4897,,,,1870.0,9416.933751250383,9416.933751250383,416,3,125.098,25918.01017407997
4907,,,,1876.0,9436.933751250383,9436.933751250383,426,3,125.088,23609.88707491536
4908,,,,1876.0,9438.933751250383,9438.933751250383,427,3,125.046,99161.92670725126
4909,,,,1879.0,9440.933751250383,9440.933751250383,428,3,125.003,101509.92987337052
4910,,,,1881.0,9442.933751250383,9442.933751250383,429,3,124.962,96776.52034037586
4911,,,,1882.0,9444.933751250383,9444.933751250383,430,3,124.925,87326.14793106655
4912,,,,1883.0,9446.933751250383,9446.933751250383,431,3,124.893,75520.45106782747
4913,,,,1882.0,9448.933751250383,9448.933751250383,432,3,124.871,51920.07676785376
4914,,,,1881.0,9450.933751250383,9450.933751250383,433,3,124.858,30682.23905193689
4915,,,,1881.0,9452.933751250383,9452.933751250383,434,3,124.856,4721.059797542019
4928,,,,1869.0,9478.933751250383,9478.933751250383,447,3,124.829,63902.18448938811
4929,,,,1872.0,9480.933751250383,9480.933751250383,448,3,124.788,97030.691847613
4930,,,,1874.0,9482.933751250383,9482.933751250383,449,3,124.75,89921.38825193388
4931,,,,1872.0,9484.933751250383,9484.933751250383,450,3,124.712,89912.96065126028
4932,,,,1869.0,9486.933751250383,9486.933751250383,451,3,124.673,92270.05996867099
4933,,,,1869.0,9488.933751250383,9488.933751250383,452,3,124.637,85164.69864687561
4934,,,,1870.0,9490.933751250383,9490.933751250383,453,3,124.606,73332.01282986386
4935,,,,1871.0,9492.933751250383,9492.933751250383,454,3,124.574,75694.3754283619
4936,,,,1869.0,9494.933751250383,9494.933751250383,455,3,124.539,82785.90010512521
4937,,,,1864.0,9496.933751250383,9496.933751250383,456,3,124.503,85144.87351004354
4938,,,,1863.0,9498.933751250383,9498.933751250383,457,3,124.458,106418.88205403113
4939,,,,1862.0,9500.933751250383,9500.933751250383,458,3,124.416,99310.48622916864
4940,,,,1860.0,9502.933751250383,9502.933751250383,459,3,124.372,104025.49881266027
4941,,,,1859.0,9504.933751250383,9504.933751250383,460,3,124.329,101647.12074141306
4942,,,,1858.0,9506.933751250383,9506.933751250383,461,3,124.289,94543.79421471589
4943,,,,1856.0,9508.933751250383,9508.933751250383,462,3,124.248,96896.19657710765
4944,,,,1853.0,9510.933751250383,9510.933751250383,463,3,124.211,87433.8522893855
4945,,,,1848.0,9512.933751250383,9512.933751250383,464,3,124.17,96876.11192083465
4946,,,,1843.0,9514.933751250383,9514.933751250383,465,3,124.123,111037.09795725594
4947,,,,1837.0,9516.933751250383,9516.933751250383,466,3,124.075,113380.02831326074
4948,,,,1830.0,9518.933751250383,9518.933751250383,467,3,124.028,110998.77296285729
4949,,,,1825.0,9520.933751250383,9520.933751250383,468,3,123.979,115701.6526254869
4950,,,,1817.0,9522.933751250383,9522.933751250383,469,3,123.931,113319.86430108345
4951,,,,1810.0,9524.933751250383,9524.933751250383,470,3,123.882,115659.71797721396
4952,,,,1805.0,9526.933751250383,9526.933751250383,471,3,123.833,115638.255315374
4953,,,,1800.0,9528.933751250383,9528.933751250383,472,3,123.781,122693.86489785214
4954,,,,1796.0,9530.933751250383,9530.933751250383,473,3,123.725,132101.9441860981
4955,,,,1793.0,9532.933751250383,9532.933751250383,474,3,123.67,129712.00799646493
4956,,,,1792.0,9534.933751250383,9534.933751250383,475,3,123.615,129681.53509730338
4957,,,,1789.0,9536.933751250383,9536.933751250383,476,3,123.564,120223.81713272078
4958,,,,1788.0,9538.933751250383,9538.933751250383,477,3,123.513,120199.40785731329
4959,,,,1787.0,9540.933751250383,9540.933751250383,478,3,123.464,115463.16855906126
4960,,,,1782.0,9542.933751250383,9542.933751250383,479,3,123.417,110730.54428978798
4961,,,,1776.0,9544.933751250383,9544.933751250383,480,3,123.369,113066.68899533598
4962,,,,1768.0,9546.933751250383,9546.933751250383,481,3,123.318,120110.3267610344
4963,,,,1761.0,9548.933751250383,9548.933751250383,482,3,123.267,120085.8152816604
4964,,,,1755.0,9550.933751250383,9550.933751250383,483,3,123.214,124768.55620291669
4965,,,,1750.0,9552.933751250383,9552.933751250383,484,3,123.163,120034.78110042714
4966,,,,1742.0,9554.933751250383,9554.933751250383,485,3,123.113,117657.54322614027
4967,,,,1734.0,9556.933751250383,9556.933751250383,486,3,123.061,122338.76768255855
4968,,,,1727.0,9558.933751250383,9558.933751250383,487,3,123.008,124664.33526955782
4969,,,,1721.0,9560.933751250383,9560.933751250383,488,3,122.957,119934.40857644586
4970,,,,1716.0,9562.933751250383,9562.933751250383,489,3,122.907,117559.05719086452
4971,,,,1712.0,9564.933751250383,9564.933751250383,490,3,122.86,110485.01844244004
4972,,,,1706.0,9566.933751250383,9566.933751250383,491,3,122.815,105766.0402202337
4973,,,,1697.0,9568.933751250383,9568.933751250383,492,3,122.769,108098.94321286723
4974,,,,1689.0,9570.933751250383,9570.933751250383,493,3,122.719,117477.46923637441
4975,,,,1681.0,9572.933751250383,9572.933751250383,494,3,122.667,122151.32391716735
4976,,,,1674.0,9574.933751250383,9574.933751250383,495,3,122.614,124473.11424833718
4977,,,,1665.0,9576.933751250383,9576.933751250383,496,3,122.562,122097.78408863707
4978,,,,1654.0,9578.933751250383,9578.933751250383,497,3,122.506,131459.44764687386
4979,,,,1646.0,9581.933751250383,9581.933751250383,498,3,122.449,133787.1271761447
4980,,,,1641.0,9583.933751250383,9583.933751250383,499,3,122.394,129060.75003013952
4981,,,,1636.0,9585.933751250383,9585.933751250383,500,3,122.34,126684.2111766444
4982,,,,1630.0,9587.933751250383,9587.933751250383,501,3,122.289,119619.81892737065
4983,,,,1624.0,9589.933751250383,9589.933751250383,502,3,122.237,121939.38330384478
4984,,,,1619.0,9591.933751250383,9591.933751250383,503,3,122.186,119568.9503873467
4985,,,,1614.0,9593.933751250383,9593.933751250383,504,3,122.139,110169.77959741613
4986,,,,1612.0,9595.933751250383,9595.933751250383,505,3,122.089,117179.78541001226
4987,,,,1611.0,9597.933751250383,9597.933751250383,506,3,122.039,117156.218541256
4988,,,,1607.0,9599.933751250383,9599.933751250383,507,3,121.99,114790.44943582555
4989,,,,1601.0,9601.933751250383,9601.933751250383,508,3,121.94,117109.98499711863
4990,,,,1594.0,9603.933751250383,9603.933751250383,509,3,121.888,121768.8138523761
4991,,,,1585.0,9605.933751250383,9605.933751250383,510,3,121.808,187274.21051557307
4992,,,,1581.0,9607.933751250383,9607.933751250383,511,3,121.751,133385.6279816902
4993,,,,1580.0,9609.933751250383,9609.933751250383,512,3,121.698,123995.02437585905
4994,,,,1576.0,9611.933751250383,9611.933751250383,513,3,121.647,119289.81695357052
4995,,,,1572.0,9613.933751250383,9613.933751250383,514,3,121.594,123940.65155818524
4996,,,,1569.0,9615.933751250383,9615.933751250383,515,3,121.541,123912.41278833749
4997,,,,1566.0,9617.933751250383,9617.933751250383,516,3,121.489,121547.21485743424
4998,,,,1562.0,9619.933751250383,9619.933751250383,517,3,121.437,121520.46537574069
4999,,,,1557.0,9621.933751250383,9621.933751250383,518,3,121.386,119157.76778327796
5000,,,,1553.0,9623.933751250383,9623.933751250383,519,3,121.336,116797.02239854312
5001,,,,1549.0,9625.933751250383,9625.933751250383,520,3,121.284,121443.0904298576
5002,,,,1545.0,9627.933751250383,9627.933751250383,521,3,121.233,119081.81808715596
5003,,,,1542.0,9629.933751250383,9629.933751250383,522,3,121.182,119056.45990578196
5004,,,,1537.0,9631.933751250383,9631.933751250383,523,3,121.13,121364.52281893075
5005,,,,1531.0,9633.933751250383,9633.933751250383,524,3,121.077,123670.528180716
5006,,,,1527.0,9635.933751250383,9635.933751250383,525,3,121.023,125974.41630360152
5007,,,,1527.0,9637.933751250383,9637.933751250383,526,3,120.972,118948.92068483015
5008,,,,1524.0,9639.933751250383,9639.933751250383,527,3,120.925,109597.93956742516
5009,,,,1519.0,9641.933751250383,9641.933751250383,528,3,120.873,121232.81545359419
5010,,,,1512.0,9643.933751250383,9643.933751250383,529,3,120.821,121205.80805190056
5011,,,,1506.0,9645.933751250383,9645.933751250383,530,3,120.766,128168.27084396571
5012,,,,1501.0,9647.933751250383,9647.933751250383,531,3,120.711,128136.47541480378
5013,,,,1496.0,9649.933751250383,9649.933751250383,532,3,120.655,130433.2909490347
5014,,,,1492.0,9651.933751250383,9651.933751250383,533,3,120.598,132727.80447755833
5015,,,,1490.0,9653.933751250383,9653.933751250383,534,3,120.544,125710.32020278183
5016,,,,1489.0,9655.933751250383,9655.933751250383,535,3,120.491,123353.15356182335
5017,,,,1486.0,9657.933751250383,9657.933751250383,536,3,120.439,120998.07089183085
5018,,,,1482.0,9659.933751250383,9659.933751250383,537,3,120.389,116319.12627229973
5019,,,,1480.0,9661.933751250383,9661.933751250383,538,3,120.336,123271.05712029031
5020,,,,1476.0,9663.933751250383,9663.933751250383,539,3,120.283,123242.28199047579
5021,,,,1471.0,9665.933751250383,9665.933751250383,540,3,120.229,125537.74515256428
5022,,,,1467.0,9667.933751250383,9667.933751250383,541,3,120.175,125507.33705892699
5023,,,,1462.0,9669.933751250383,9669.933751250383,542,3,120.121,125476.90563728969
5024,,,,1456.0,9671.933751250383,9671.933751250383,543,3,120.067,125446.4508876524
5025,,,,1448.0,9673.933751250383,9673.933751250383,544,3,120.012,127737.95875863706
5026,,,,1443.0,9675.933751250383,9675.933751250383,545,3,119.959,123063.00540572286
5027,,,,1440.0,9677.933751250383,9677.933751250383,546,3,119.907,120713.17737324163
5028,,,,1435.0,9679.933751250383,9679.933751250383,547,3,119.858,113724.55647754118
5029,,,,1430.0,9681.933751250383,9681.933751250383,548,3,119.804,125301.14676138188
5030,,,,1425.0,9683.933751250383,9683.933751250383,549,3,119.751,122951.2417383753
5031,,,,1420.0,9685.933751250383,9685.933751250383,550,3,119.698,122922.21899259373
5032,,,,1417.0,9687.933751250383,9687.933751250383,551,3,119.644,125211.38975412732
5033,,,,1418.0,9689.933751250383,9689.933751250383,552,3,119.6,102003.37445692827
5034,,,,1416.0,9691.933751250383,9691.933751250383,553,3,119.558,97351.94666739539
5035,,,,1411.0,9693.933751250383,9693.933751250383,554,3,119.514,101972.1177102988
5036,,,,1404.0,9695.933751250383,9695.933751250383,555,3,119.467,108905.76535894883
5037,,,,1398.0,9697.933751250383,9697.933751250383,556,3,119.42,108885.3841016358
5038,,,,1392.0,9699.933751250383,9699.933751250383,557,3,119.369,118128.11150689819
5039,,,,1386.0,9701.933751250383,9701.933751250383,558,3,119.32,113471.4983924732
5040,,,,1382.0,9703.933751250383,9703.933751250383,559,3,119.272,111133.48615573121
5041,,,,1379.0,9705.933751250383,9705.933751250383,560,3,119.225,108797.29584800829
5042,,,,1375.0,9707.933751250383,9707.933751250383,561,3,119.18,104148.8975684792
5043,,,,1372.0,9709.933751250383,9709.933751250383,562,3,119.134,106444.60499180725
5044,,,,1368.0,9711.933751250383,9711.933751250383,563,3,119.086,111051.68919470179
5045,,,,1365.0,9713.933751250383,9713.933751250383,564,3,119.04,106404.44866869356
5046,,,,1361.0,9715.933751250383,9715.933751250383,565,3,118.993,108697.504354761
5047,,,,1355.0,9717.933751250383,9717.933751250383,566,3,118.944,113300.54414557424
5048,,,,1352.0,9719.933751250383,9719.933751250383,567,3,118.896,110965.87408307898
5049,,,,1350.0,9721.933751250383,9721.933751250383,568,3,118.849,108633.03356547121
5050,,,,1345.0,9723.933751250383,9723.933751250383,569,3,118.806,99370.48345311133
5051,,,,1338.0,9725.933751250383,9725.933751250383,570,3,118.759,108595.44822593563
5052,,,,1333.0,9727.933751250383,9727.933751250383,571,3,118.712,108574.80132462262
5053,,,,1329.0,9729.933751250383,9729.933751250383,572,3,118.665,108554.13675130959
5054,,,,1325.0,9731.933751250383,9731.933751250383,573,3,118.618,108533.45450602939
5055,,,,1320.0,9733.933751250383,9733.933751250383,574,3,118.572,106204.42033709976
5056,,,,1313.0,9735.933751250383,9735.933751250383,575,3,118.526,106185.03934549727
5057,,,,1306.0,9737.933751250383,9737.933751250383,576,3,118.477,113088.05612951455
5058,,,,1300.0,9739.933751250383,9739.933751250383,577,3,118.425,119985.30884802881
5059,,,,1295.0,9741.933751250383,9741.933751250383,578,3,118.376,113038.08305724469
5060,,,,1289.0,9743.933751250383,9743.933751250383,579,3,118.328,110708.54854349079
5061,,,,1282.0,9745.933751250383,9745.933751250383,580,3,118.28,110686.36286476502
5062,,,,1275.0,9747.933751250383,9747.933751250383,581,3,118.231,112969.18441267218
5063,,,,1269.0,9749.933751250383,9749.933751250383,582,3,118.184,108336.43762668056
5064,,,,1263.0,9751.933751250383,9751.933751250383,583,3,118.135,112923.79437590766
5065,,,,1255.0,9753.933751250383,9753.933751250383,584,3,118.09,103685.53501751441
5066,,,,1248.0,9755.933751250383,9755.933751250383,585,3,118.041,112880.24123822388
5067,,,,1242.0,9757.933751250383,9757.933751250383,586,3,117.993,110553.79848205057
5068,,,,1238.0,9759.933751250383,9759.933751250383,587,3,117.949,101322.24472204372
5069,,,,1232.0,9761.933751250383,9761.933751250383,588,3,117.906,99003.23805073177
5070,,,,1230.0,9763.933751250383,9763.933751250383,589,3,117.872,78272.1062480925
5071,,,,1233.0,9765.933751250383,9765.933751250383,590,3,117.844,64455.63152308593
5072,,,,1231.0,9767.933751250383,9767.933751250383,591,3,117.818,59850.20089585772
5073,,,,1225.0,9769.933751250383,9769.933751250383,592,3,117.784,78261.74167649231
5074,,,,1220.0,9771.933751250383,9771.933751250383,593,3,117.743,94363.72386588609
5075,,,,1218.0,9773.933751250383,9773.933751250383,594,3,117.699,101252.5584515162
5076,,,,1217.0,9775.933751250383,9775.933751250383,595,3,117.659,92033.76863305319
5077,,,,1215.0,9777.933751250383,9777.933751250383,596,3,117.623,82820.58511902408
5078,,,,1212.0,9779.933751250383,9779.933751250383,597,3,117.588,80512.17991481222
5079,,,,1213.0,9781.933751250383,9781.933751250383,598,3,117.555,75905.05718628905
5080,,,,1215.0,9783.933751250383,9783.933751250383,599,3,117.522,75899.26721661152
5081,,,,1215.0,9786.933751250383,9786.933751250383,600,3,117.497,57502.88458214092
5082,,,,1215.0,9788.933751250383,9788.933751250383,601,3,117.476,48302.83773698551
5083,,,,1214.0,9790.933751250383,9790.933751250383,602,3,117.456,46004.07296096595
5084,,,,1214.0,9792.933751250383,9792.933751250383,603,3,117.436,46005.63589396494
5085,,,,1214.0,9794.933751250383,9794.933751250383,604,3,117.413,52907.599120614024
5086,,,,1215.0,9796.933751250383,9796.933751250383,605,3,117.389,55208.151327868305
5087,,,,1216.0,9798.933751250383,9798.933751250383,606,3,117.362,62108.35642007637
5088,,,,1218.0,9800.933751250383,9800.933751250383,607,3,117.335,62106.74321266705
5089,,,,1219.0,9802.933751250383,9802.933751250383,608,3,117.312,52905.26690637302
5090,,,,1221.0,9804.933751250383,9804.933751250383,609,3,117.289,52905.6870484642
5091,,,,1222.0,9806.933751250383,9806.933751250383,610,3,117.27,43705.78690144378
5092,,,,1226.0,9808.933751250383,9808.933751250383,611,3,117.249,48308.00802260108
5093,,,,1226.0,9810.933751250383,9810.933751250383,612,3,117.225,55209.81312937846
5094,,,,1227.0,9812.933751250383,9812.933751250383,613,3,117.201,55209.76338169702
5095,,,,1230.0,9814.933751250383,9814.933751250383,614,3,117.182,43708.61873094691
5096,,,,1232.0,9816.933751250383,9816.933751250383,615,3,117.162,46010.79046005124
5097,,,,1233.0,9818.933751250383,9818.933751250383,616,3,117.14,50613.107947293094
5098,,,,1234.0,9820.933751250383,9820.933751250383,617,3,117.11,69016.61193691468
5099,,,,1239.0,9822.933751250383,9822.933751250383,618,3,117.079,71313.11400043246
5100,,,,1244.0,9824.933751250383,9824.933751250383,619,3,117.045,78208.59484562448
5101,,,,1246.0,9826.933751250383,9826.933751250383,620,3,117.012,75902.06688954444
5102,,,,1249.0,9828.933751250383,9828.933751250383,621,3,116.977,80495.18328323856
5103,,,,1253.0,9830.933751250383,9830.933751250383,622,3,116.943,78188.1687851585
5104,,,,1261.0,9832.933751250383,9832.933751250383,623,3,116.908,80480.44867322002
5105,,,,1269.0,9834.933751250383,9834.933751250383,624,3,116.87,87369.26341498528
5106,,,,1275.0,9836.933751250383,9836.933751250383,625,3,116.831,89657.14892944106
5107,,,,1285.0,9838.933751250383,9838.933751250383,626,3,116.768,144797.00037758079
5108,,,,1289.0,9840.933751250383,9840.933751250383,627,3,116.728,91912.74668729273
5109,,,,1292.0,9842.933751250383,9842.933751250383,628,3,116.697,71225.19113743516
5110,,,,1297.0,9844.933751250383,9844.933751250383,629,3,116.68,39058.878769105126
5118,,,,1333.0,9860.933751250383,9860.933751250383,637,3,116.671,20709.528766093037
5119,,,,1341.0,9862.933751250383,9862.933751250383,638,3,116.627,101244.11960519095
5120,,,,1349.0,9864.933751250383,9864.933751250383,639,3,116.583,101226.45280567341
5121,,,,1353.0,9866.933751250383,9866.933751250383,640,3,116.54,98908.9954663699
5122,,,,1355.0,9868.933751250383,9868.933751250383,641,3,116.503,85095.77934314191
5123,,,,1357.0,9870.933751250383,9870.933751250383,642,3,116.483,45995.78741936728
5124,,,,1356.0,9872.933751250383,9872.933751250383,643,3,116.474,20699.721251011102
5125,,,,1359.0,9874.933751250383,9874.933751250383,644,3,116.473,2300.3361925635068
5134,,,,1399.0,9892.933751250383,9892.933751250383,653,3,116.463,23044.20416282438
5135,,,,1399.0,9894.933751250383,9894.933751250383,654,3,116.424,89871.65602454112
5136,,,,1396.0,9896.933751250383,9896.933751250383,655,3,116.377,108288.75548859342
5137,,,,1397.0,9898.933751250383,9898.933751250383,656,3,116.331,105963.809467737
5138,,,,1410.0,9900.933751250383,9900.933751250383,657,3,116.297,78309.9701673336
5139,,,,1416.0,9902.933751250383,9902.933751250383,658,3,116.278,43760.321526723936
5140,,,,1417.0,9904.933751250383,9904.933751250383,659,3,116.265,29943.199121133275
5147,,,,1444.0,9918.933751250383,9918.933751250383,666,3,116.258,16144.661628505486
5148,,,,1448.0,9920.933751250383,9920.933751250383,667,3,116.223,80725.00097984754
5149,,,,1451.0,9922.933751250383,9922.933751250383,668,3,116.18,99163.14162143115
5150,,,,1454.0,9924.933751250383,9924.933751250383,669,3,116.134,106062.24873646209
5151,,,,1454.0,9926.933751250383,9926.933751250383,670,3,116.095,89907.55402664929
5152,,,,1457.0,9928.933751250383,9928.933751250383,671,3,116.067,64543.39129163152
5153,,,,1463.0,9930.933751250383,9930.933751250383,672,3,116.05,39187.35534215331
5154,,,,1466.0,9932.933751250383,9932.933751250383,673,3,116.043,16137.550751881456
5155,,,,1466.0,9934.933751250383,9934.933751250383,674,3,116.042,2305.749099669955
5164,,,,1488.0,9952.933751250383,9952.933751250383,683,3,116.033,20788.44390289368
5165,,,,1489.0,9954.933751250383,9954.933751250383,684,3,115.986,108557.48737946722
5166,,,,1493.0,9956.933751250383,9956.933751250383,685,3,115.942,101608.83616666567
5167,,,,1497.0,9958.933751250383,9958.933751250383,686,3,115.907,80813.90909526988
5168,,,,1500.0,9960.933751250383,9960.933751250383,687,3,115.882,57720.87183169469
5169,,,,1502.0,9962.933751250383,9962.933751250383,688,3,115.872,23089.497485884625
5176,,,,1516.0,9976.933751250383,9976.933751250383,695,3,115.855,39302.72376538249
5177,,,,1517.0,9978.933751250383,9978.933751250383,696,3,115.815,92472.7832861015
5178,,,,1518.0,9980.933751250383,9980.933751250383,697,3,115.772,99392.54369996722
5179,,,,1514.0,9982.933751250383,9982.933751250383,698,3,115.73,97064.90342984625
5180,,,,1514.0,9984.933751250383,9984.933751250383,699,3,115.69,92428.534748589
5181,,,,1519.0,9986.933751250383,9986.933751250383,700,3,115.664,60073.44384824764
5182,,,,1518.0,9988.933751250383,9988.933751250383,701,3,115.648,36968.963901920004
5183,,,,1516.0,9990.933751250383,9990.933751250383,702,3,115.643,11554.065291291752
5217,,,,1464.0,10058.933751250383,10058.933751250383,736,3,115.637,13958.58118793566
5218,,,,1462.0,10060.933751250383,10060.933751250383,737,3,115.604,76774.51259190826
5219,,,,1463.0,10062.933751250383,10062.933751250383,738,3,115.571,76767.85742819804
5220,,,,1463.0,10065.933751250383,10065.933751250383,739,3,115.538,76768.82014948782
5221,,,,1462.0,10067.933751250383,10067.933751250383,740,3,115.508,69784.67464474452
5222,,,,1459.0,10069.933751250383,10069.933751250383,741,3,115.472,83734.31872310046
5223,,,,1461.0,10071.933751250383,10071.933751250383,742,3,115.436,83724.84283078417
5224,,,,1465.0,10073.933751250383,10073.933751250383,743,3,115.407,67439.41557928146
5225,,,,1469.0,10075.933751250383,10075.933751250383,744,3,115.378,67435.85675267881
5226,,,,1473.0,10077.933751250383,10077.933751250383,745,3,115.349,67432.2911981092
5227,,,,1479.0,10079.933751250383,10079.933751250383,746,3,115.318,72078.35043660358
5228,,,,1484.0,10081.933751250383,10081.933751250383,747,3,115.291,62774.58583193906
5229,,,,1488.0,10083.933751250383,10083.933751250383,748,3,115.268,53473.65868034536
5230,,,,1491.0,10085.933751250383,10085.933751250383,749,3,115.248,46499.38209205541
5231,,,,1497.0,10087.933751250383,10087.933751250383,750,3,115.236,27901.287872679375
5232,,,,1501.0,10089.933751250383,10089.933751250383,751,3,115.232,9301.62740714406
5238,,,,1482.0,10101.933751250383,10101.933751250383,757,3,115.208,55869.35072731743
5239,,,,1477.0,10103.933751250383,10103.933751250383,758,3,115.167,95435.44325570918
5240,,,,1477.0,10105.933751250383,10105.933751250383,759,3,115.12,109381.46279138037
5241,,,,1481.0,10107.933751250383,10107.933751250383,760,3,115.075,104705.81144411265
5242,,,,1484.0,10109.933751250383,10109.933751250383,761,3,115.03,104685.58376242008
5243,,,,1488.0,10111.933751250383,10111.933751250383,762,3,114.986,102339.88836400761
5244,,,,1493.0,10113.933751250383,10113.933751250383,763,3,114.943,99995.92696013852
5245,,,,1496.0,10115.933751250383,10115.933751250383,764,3,114.907,83705.30541809958
5246,,,,1496.0,10117.933751250383,10117.933751250383,765,3,114.873,79046.55979029961
5247,,,,1498.0,10119.933751250383,10119.933751250383,766,3,114.843,69741.32104806963
5248,,,,1499.0,10121.933751250383,10121.933751250383,767,3,114.82,53466.57443563263
5249,,,,1497.0,10123.933751250383,10123.933751250383,768,3,114.805,34870.62431443132
5250,,,,1497.0,10125.933751250383,10125.933751250383,769,3,114.799,13949.729358133087
5251,,,,1500.0,10127.933751250383,10127.933751250383,770,3,114.798,2325.343205496937
5266,,,,1510.0,10157.933751250383,10157.933751250383,785,3,114.761,86278.26921813592
5267,,,,1514.0,10159.933751250383,10159.933751250383,786,3,114.715,107247.20404507089
5268,,,,1519.0,10161.933751250383,10161.933751250383,787,3,114.675,93241.83932798759
5269,,,,1522.0,10163.933751250383,10163.933751250383,788,3,114.643,74584.7347190073
5270,,,,1520.0,10165.933751250383,10165.933751250383,789,3,114.615,65257.40591845
5271,,,,1516.0,10167.933751250383,10167.933751250383,790,3,114.598,39620.584181721475
5272,,,,1513.0,10169.933751250383,10169.933751250383,791,3,114.595,6992.632878751252
5295,,,,1443.0,10215.933751250383,10215.933751250383,814,3,114.592,7024.077625943731
5296,,,,1444.0,10217.933751250383,10217.933751250383,815,3,114.55,98337.02657642236
5297,,,,1441.0,10219.933751250383,10219.933751250383,816,3,114.514,84276.68057267423
5298,,,,1434.0,10221.933751250383,10221.933751250383,817,3,114.479,81926.29464249477
5299,,,,1428.0,10223.933751250383,10223.933751250383,818,3,114.445,79577.12954243635
5300,,,,1423.0,10225.933751250383,10225.933751250383,819,3,114.407,88928.56485195608
5301,,,,1418.0,10227.933751250383,10227.933751250383,820,3,114.373,79558.18724275698
5302,,,,1415.0,10229.933751250383,10229.933751250383,821,3,114.335,88907.37215850249
5303,,,,1415.0,10231.933751250383,10231.933751250383,822,3,114.3,81878.2360625916
5304,,,,1418.0,10233.933751250383,10233.933751250383,823,3,114.273,63158.425361765345
5305,,,,1425.0,10235.933751250383,10235.933751250383,824,3,114.247,60817.005101720395
5306,,,,1428.0,10237.933751250383,10237.933751250383,825,3,114.225,51459.78640035793
5307,,,,1432.0,10239.933751250383,10239.933751250383,826,3,114.208,39765.35937217986
5308,,,,1437.0,10241.933751250383,10241.933751250383,827,3,114.195,30410.749129641168
5309,,,,1442.0,10243.933751250383,10243.933751250383,828,3,114.188,16376.782253361169
5316,,,,1463.0,10257.933751250383,10257.933751250383,835,3,114.164,56218.07251117479
5317,,,,1465.0,10259.933751250383,10259.933751250383,836,3,114.127,86663.26983226232
5318,,,,1467.0,10261.933751250383,10261.933751250383,837,3,114.083,103042.5396603982
5319,,,,1472.0,10263.933751250383,10263.933751250383,838,3,114.036,110045.72025986292
5320,,,,1476.0,10265.933751250383,10265.933751250383,839,3,113.996,93638.45620661972
5321,,,,1481.0,10267.933751250383,10267.933751250383,840,3,113.957,91283.64579355581
5322,,,,1485.0,10269.933751250383,10269.933751250383,841,3,113.926,72550.6427041025
5323,,,,1487.0,10271.933751250383,10271.933751250383,842,3,113.901,58505.596268666326
5324,,,,1490.0,10273.933751250383,10273.933751250383,843,3,113.886,35104.02821094239
5325,,,,1495.0,10275.933751250383,10275.933751250383,844,3,113.877,21064.297490875164
5326,,,,1498.0,10277.933751250383,10277.933751250383,845,3,113.875,4681.639935418643
5333,,,,1499.0,10291.933751250383,10291.933751250383,852,3,113.86,35157.50299261642
5334,,,,1502.0,10293.933751250383,10293.933751250383,853,3,113.819,96092.21424458091
5335,,,,1506.0,10295.933751250383,10295.933751250383,854,3,113.776,100762.03081099564
5336,,,,1509.0,10297.933751250383,10297.933751250383,855,3,113.732,103085.94172268957
5337,,,,1513.0,10299.933751250383,10299.933751250383,856,3,113.687,105408.02851990648
5338,,,,1519.0,10301.933751250383,10301.933751250383,857,3,113.648,91337.61426428318
5339,,,,1523.0,10303.933751250383,10303.933751250383,858,3,113.614,79617.54813398742
5340,,,,1523.0,10305.933751250383,10305.933751250383,859,3,113.584,70244.6260925002
5341,,,,1522.0,10307.933751250383,10307.933751250383,860,3,113.561,53852.09907432962
5342,,,,1525.0,10309.933751250383,10309.933751250383,861,3,113.553,18732.242351874727
5343,,,,1528.0,10311.933751250383,10311.933751250383,862,3,113.551,4683.762805277018
5348,,,,1529.0,10321.933751250383,10321.933751250383,867,3,113.549,4688.222309806998
5349,,,,1532.0,10323.933751250383,10323.933751250383,868,3,113.522,63295.180942417144
5350,,,,1537.0,10325.933751250383,10325.933751250383,869,3,113.491,72667.75715886455
5351,,,,1540.0,10327.933751250383,10327.933751250383,870,3,113.46,72661.98167619464
5352,,,,1544.0,10329.933751250383,10329.933751250383,871,3,113.427,77343.01340762783
5353,,,,1548.0,10331.933751250383,10331.933751250383,872,3,113.395,74992.3160744607
5354,,,,1551.0,10333.933751250383,10333.933751250383,873,3,113.359,84357.38929792025
5355,,,,1555.0,10336.933751250383,10336.933751250383,874,3,113.325,79669.39467590784
5356,,,,1556.0,10338.933751250383,10338.933751250383,875,3,113.293,74975.63164289924
5357,,,,1557.0,10340.933751250383,10340.933751250383,876,3,113.256,86680.94341525923
5358,,,,1561.0,10342.933751250383,10342.933751250383,877,3,113.219,86669.3890886483
5359,,,,1564.0,10344.933751250383,10344.933751250383,878,3,113.18,91341.22359759426
5360,,,,1567.0,10346.933751250383,10346.933751250383,879,3,113.139,96010.01568564447
5361,,,,1570.0,10348.933751250383,10348.933751250383,880,3,113.098,95993.7807283395
5362,,,,1571.0,10350.933751250383,10350.933751250383,881,3,113.057,95977.53232306779
5363,,,,1571.0,10352.933751250383,10352.933751250383,882,3,113.016,95961.27046979609
5364,,,,1571.0,10354.933751250383,10354.933751250383,883,3,112.975,95944.99516855764
5365,,,,1570.0,10356.933751250383,10356.933751250383,884,3,112.947,65516.05723458
5366,,,,1567.0,10358.933751250383,10358.933751250383,885,3,112.926,49135.87230712159
5367,,,,1566.0,10360.933751250383,10360.933751250383,886,3,112.924,4680.033775428891
5372,,,,1569.0,10370.933751250383,10370.933751250383,891,3,112.905,44499.09436412411
5373,,,,1567.0,10372.933751250383,10372.933751250383,892,3,112.86,105383.04247580092
5374,,,,1566.0,10374.933751250383,10374.933751250383,893,3,112.815,105361.34284410834
5375,,,,1565.0,10376.933751250383,10376.933751250383,894,3,112.782,77253.1690748704
5376,,,,1564.0,10378.933751250383,10378.933751250383,895,3,112.768,32773.559106313485
5377,,,,1565.0,10380.933751250383,10380.933751250383,896,3,112.767,2341.263893599434
5395,,,,1592.0,10416.933751250383,10416.933751250383,914,3,112.766,2349.362319698584
5396,,,,1596.0,10418.933751250383,10418.933751250383,915,3,112.716,117464.10100499865
5397,,,,1598.0,10420.933751250383,10420.933751250383,916,3,112.671,105693.43479265878
5398,,,,1600.0,10422.933751250383,10422.933751250383,917,3,112.631,93932.31280098323
5399,,,,1600.0,10424.933751250383,10424.933751250383,918,3,112.602,68093.1340042574
5400,,,,1602.0,10426.933751250383,10426.933751250383,919,3,112.575,63393.452855245705
5401,,,,1604.0,10428.933751250383,10428.933751250383,920,3,112.557,42261.96083915862
5402,,,,1603.0,10430.933751250383,10430.933751250383,921,3,112.546,25828.37928227472
5411,,,,1616.0,10448.933751250383,10448.933751250383,930,3,112.521,58792.75431483012
5412,,,,1617.0,10450.933751250383,10450.933751250383,931,3,112.481,94059.23983596824
5413,,,,1618.0,10452.933751250383,10452.933751250383,932,3,112.436,105796.9125238198
5414,,,,1620.0,10454.933751250383,10454.933751250383,933,3,112.388,112824.96123317785
5415,,,,1622.0,10456.933751250383,10456.933751250383,934,3,112.336,122196.0469764473
5416,,,,1624.0,10458.933751250383,10458.933751250383,935,3,112.292,103372.2523097311
5417,,,,1626.0,10460.933751250383,10460.933751250383,936,3,112.246,108048.34856137511
5418,,,,1628.0,10462.933751250383,10462.933751250383,937,3,112.203,100980.98575396066
5419,,,,1630.0,10464.933751250383,10464.933751250383,938,3,112.169,79833.29593162288
5420,,,,1629.0,10466.933751250383,10466.933751250383,939,3,112.144,58696.732763585656
5421,,,,1626.0,10468.933751250383,10468.933751250383,940,3,112.129,35218.48768791399
5422,,,,1626.0,10470.933751250383,10470.933751250383,941,3,112.126,7044.477745160231
5429,,,,1606.0,10484.933751250383,10484.933751250383,948,3,112.09,84632.03661493602
5430,,,,1606.0,10486.933751250383,10486.933751250383,949,3,112.039,119871.7247114384
5431,,,,1608.0,10488.933751250383,10488.933751250383,950,3,111.988,119840.02243606438
5432,,,,1609.0,10490.933751250383,10490.933751250383,951,3,111.935,124505.55199419928
5433,,,,1610.0,10492.933751250383,10492.933751250383,952,3,111.882,124470.33853038476
5434,,,,1607.0,10494.933751250383,10494.933751250383,953,3,111.832,117393.1804613881
5435,,,,1604.0,10496.933751250383,10496.933751250383,954,3,111.779,124403.1822116886
5436,,,,1602.0,10498.933751250383,10498.933751250383,955,3,111.728,119675.8444829812
5437,,,,1600.0,10500.933751250383,10500.933751250383,956,3,111.679,114953.12322169625
5438,,,,1599.0,10502.933751250383,10502.933751250383,957,3,111.632,110234.77002949036
5439,,,,1596.0,10504.933751250383,10504.933751250383,958,3,111.592,93798.13326757928
5440,,,,1590.0,10506.933751250383,10506.933751250383,959,3,111.553,91438.21954499136
5441,,,,1580.0,10508.933751250383,10508.933751250383,960,3,111.515,89079.85969290124
5442,,,,1570.0,10510.933751250383,10510.933751250383,961,3,111.472,100783.46812878789
5443,,,,1561.0,10512.933751250383,10512.933751250383,962,3,111.428,103106.64905875605
5444,,,,1554.0,10514.933751250383,10514.933751250383,963,3,111.382,107770.28989932238
5445,,,,1548.0,10516.933751250383,10516.933751250383,964,3,111.336,107746.28075572038
5446,,,,1538.0,10518.933751250383,10518.933751250383,965,3,111.287,114746.07283670825
5447,,,,1527.0,10520.933751250383,10520.933751250383,966,3,111.236,119398.63679760846
5448,,,,1517.0,10522.933751250383,10522.933751250383,967,3,111.181,128726.36458836806
5449,,,,1510.0,10524.933751250383,10524.933751250383,968,3,111.128,124008.73735724985
5450,,,,1501.0,10526.933751250383,10526.933751250383,969,3,111.073,128650.23635540319
5451,,,,1490.0,10528.933751250383,10528.933751250383,970,3,111.02,123935.33163166553
5452,,,,1478.0,10530.933751250383,10530.933751250383,971,3,110.966,126236.87242407842
5453,,,,1468.0,10532.933751250383,10532.933751250383,972,3,110.906,140217.7846354176
5454,,,,1462.0,10534.933751250383,10534.933751250383,973,3,110.85,130826.34706079477
5455,,,,1452.0,10536.933751250383,10536.933751250383,974,3,110.796,126115.33778437227
5456,,,,1443.0,10538.933751250383,10538.933751250383,975,3,110.74,130746.18074097934
5457,,,,1432.0,10540.933751250383,10540.933751250383,976,3,110.685,128371.44407286662
5458,,,,1420.0,10542.933751250383,10542.933751250383,977,3,110.628,132997.43294556218
5459,,,,1410.0,10544.933751250383,10544.933751250383,978,3,110.569,137617.9549475387
5460,,,,1401.0,10546.933751250383,10546.933751250383,979,3,110.511,135239.53459614937
5461,,,,1392.0,10548.933751250383,10548.933751250383,980,3,110.457,125872.74682990467
5462,,,,1384.0,10550.933751250383,10550.933751250383,981,3,110.404,123505.3582994439
5463,,,,1376.0,10552.933751250383,10552.933751250383,982,3,110.352,121140.41904591605
5464,,,,1366.0,10554.933751250383,10554.933751250383,983,3,110.3,121106.2965882224
5465,,,,1356.0,10556.933751250383,10556.933751250383,984,3,110.252,111760.9369298814
5466,,,,1350.0,10558.933751250383,10558.933751250383,985,3,110.204,111733.45435515564
5467,,,,1347.0,10560.933751250383,10560.933751250383,986,3,110.16,102398.98262705658
5468,,,,1342.0,10562.933751250383,10562.933751250383,987,3,110.122,88419.31855852393
5469,,,,1336.0,10564.933751250383,10564.933751250383,988,3,110.085,86079.47756279322
5470,,,,1330.0,10566.933751250383,10566.933751250383,989,3,110.047,88392.5699001418
5471,,,,1326.0,10568.933751250383,10568.933751250383,990,3,110.008,90704.12194862815
5472,,,,1322.0,10570.933751250383,10570.933751250383,991,3,109.967,95338.98722917601
5473,,,,1319.0,10572.933751250383,10572.933751250383,992,3,109.926,95321.47897590432
5474,,,,1315.0,10574.933751250383,10574.933751250383,993,3,109.886,92979.8935092085
5475,,,,1312.0,10576.933751250383,10576.933751250383,994,3,109.85,83668.79213153431
5476,,,,1308.0,10578.933751250383,10578.933751250383,995,3,109.811,90627.38750257342
5477,,,,1302.0,10580.933751250383,10580.933751250383,996,3,109.772,90612.33386013514
5478,,,,1295.0,10582.933751250383,10582.933751250383,997,3,109.732,92919.85160539308
5479,,,,1290.0,10584.933751250383,10584.933751250383,998,3,109.692,92903.54013738908
5480,,,,1283.0,10586.933751250383,10586.933751250383,999,3,109.653,90565.44836302302
5481,,,,1277.0,10588.933751250383,10588.933751250383,1000,3,109.615,88228.94437925376
5482,,,,1270.0,10590.933751250383,10590.933751250383,1001,3,109.574,95178.06329810823
5483,,,,1265.0,10592.933751250383,10592.933751250383,1002,3,109.53,102121.98289188728
5484,,,,1260.0,10594.933751250383,10594.933751250383,1003,3,109.488,97460.21041392066
5485,,,,1255.0,10596.933751250383,10596.933751250383,1004,3,109.447,95121.62732402272
5486,,,,1248.0,10598.933751250383,10598.933751250383,1005,3,109.406,95103.94637875102
5487,,,,1245.0,10600.933751250383,10600.933751250383,1006,3,109.362,102042.38329534176
5488,,,,1241.0,10602.933751250383,10602.933751250383,1007,3,109.322,92747.67857831909
5489,,,,1236.0,10604.933751250383,10604.933751250383,1008,3,109.284,88095.48160977432
5490,,,,1233.0,10606.933751250383,10606.933751250383,1009,3,109.243,95033.95788626475
5491,,,,1229.0,10608.933751250383,10608.933751250383,1010,3,109.201,97333.2328230455
5492,,,,1226.0,10610.933751250383,10610.933751250383,1011,3,109.157,101947.21997043624
5493,,,,1223.0,10612.933751250383,10612.933751250383,1012,3,109.114,99609.31350120624
5494,,,,1218.0,10614.933751250383,10614.933751250383,1013,3,109.07,101904.3830456696
5495,,,,1214.0,10616.933751250383,10616.933751250383,1014,3,109.025,104197.5074915239
5496,,,,1207.0,10618.933751250383,10618.933751250383,1015,3,108.98,104174.12935986424
5497,,,,1200.0,10620.933751250383,10620.933751250383,1016,3,108.935,104150.73502817166
5498,,,,1196.0,10622.933751250383,10622.933751250383,1017,3,108.888,108754.20702942793
5499,,,,1192.0,10624.933751250383,10624.933751250383,1018,3,108.848,92537.2230105046
5500,,,,1187.0,10626.933751250383,10626.933751250383,1019,3,108.809,90208.03426034369
5501,,,,1181.0,10628.933751250383,10628.933751250383,1020,3,108.771,87880.4494126806
5502,,,,1175.0,10630.933751250383,10630.933751250383,1021,3,108.733,87866.28335600698
5503,,,,1170.0,10632.933751250383,10632.933751250383,1022,3,108.694,90163.58858259498
5504,,,,1166.0,10634.933751250383,10634.933751250383,1023,3,108.655,90148.19642012367
5505,,,,1162.0,10636.933751250383,10636.933751250383,1024,3,108.62,80889.89232809456
5506,,,,1157.0,10638.933751250383,10638.933751250383,1025,3,108.585,80879.03619043683
5507,,,,1150.0,10640.933751250383,10640.933751250383,1026,3,108.552,76247.83425416345
5508,,,,1144.0,10642.933751250383,10642.933751250383,1027,3,108.517,80858.78452578088
5509,,,,1140.0,10644.933751250383,10644.933751250383,1028,3,108.48,85466.99150112428
5510,,,,1137.0,10646.933751250383,10646.933751250383,1029,3,108.445,80835.51363967457
5511,,,,1134.0,10648.933751250383,10648.933751250383,1030,3,108.414,71588.83085521543
5512,,,,1130.0,10650.933751250383,10650.933751250383,1031,3,108.384,69273.03406211003
5513,,,,1125.0,10652.933751250383,10652.933751250383,1032,3,108.353,71575.43197580102
5514,,,,1120.0,10654.933751250383,10654.933751250383,1033,3,108.322,71568.39088709831
5515,,,,1116.0,10656.933751250383,10656.933751250383,1034,3,108.292,69253.23142780314
5516,,,,1113.0,10658.933751250383,10658.933751250383,1035,3,108.26,73862.8294944166
5517,,,,1109.0,10660.933751250383,10660.933751250383,1036,3,108.227,76162.46764523195
5518,,,,1105.0,10662.933751250383,10662.933751250383,1037,3,108.196,71538.82744866636
5519,,,,1101.0,10664.933751250383,10664.933751250383,1038,3,108.161,80760.1575066669
5520,,,,1098.0,10666.933751250383,10666.933751250383,1039,3,108.127,78442.41208448895
5521,,,,1095.0,10668.933751250383,10668.933751250383,1040,3,108.092,80738.91653664835
5522,,,,1093.0,10670.933751250383,10670.933751250383,1041,3,108.059,76115.58904179808
5523,,,,1091.0,10672.933751250383,10672.933751250383,1042,3,108.024,80718.3840319924
5524,,,,1087.0,10674.933751250383,10674.933751250383,1043,3,107.991,76096.21187112248
5525,,,,1082.0,10676.933751250383,10676.933751250383,1044,3,107.956,80697.81344733646
5526,,,,1078.0,10678.933751250383,10678.933751250383,1045,3,107.919,85296.64847140768
5527,,,,1075.0,10680.933751250383,10680.933751250383,1046,3,107.883,82978.8071539472
5528,,,,1072.0,10682.933751250383,10682.933751250383,1047,3,107.849,78358.12257682256
5529,,,,1068.0,10684.933751250383,10684.933751250383,1048,3,107.816,76044.08583629553
5530,,,,1062.0,10686.933751250383,10686.933751250383,1049,3,107.781,80642.47995888365
5531,,,,1057.0,10688.933751250383,10688.933751250383,1050,3,107.743,87541.42679659567
5532,,,,1054.0,10690.933751250383,10690.933751250383,1051,3,107.702,94435.63710355635
5533,,,,1053.0,10693.933751250383,10693.933751250383,1052,3,107.664,87518.16997832042
5534,,,,1056.0,10695.933751250383,10695.933751250383,1053,3,107.628,82898.96289027424
5535,,,,1058.0,10697.933751250383,10697.933751250383,1054,3,107.594,78282.6437256086
5536,,,,1059.0,10699.933751250383,10699.933751250383,1055,3,107.565,66763.42433356478
5537,,,,1059.0,10701.933751250383,10701.933751250383,1056,3,107.545,46041.859384620235
5538,,,,1057.0,10703.933751250383,10703.933751250383,1057,3,107.529,36834.2055618751
5539,,,,1055.0,10705.933751250383,10705.933751250383,1058,3,107.525,9209.415507744136
5546,,,,1037.0,10719.933751250383,10719.933751250383,1065,3,107.521,9221.115493896828
5547,,,,1037.0,10721.933751250383,10721.933751250383,1066,3,107.497,55329.81003183461
5548,,,,1035.0,10723.933751250383,10723.933751250383,1067,3,107.457,92206.0982226654
5549,,,,1036.0,10725.933751250383,10725.933751250383,1068,3,107.44,39184.506750812274
5550,,,,1039.0,10727.933751250383,10727.933751250383,1069,3,107.385,126754.56024616296
5551,,,,1037.0,10729.933751250383,10729.933751250383,1070,3,107.348,85250.62197568234
5552,,,,1035.0,10731.933751250383,10731.933751250383,1071,3,107.308,92146.95885231775
5553,,,,1036.0,10733.933751250383,10733.933751250383,1072,3,107.267,94432.58722168198
5554,,,,1035.0,10735.933751250383,10735.933751250383,1073,3,107.228,89809.36028900697
5555,,,,1032.0,10737.933751250383,10737.933751250383,1074,3,107.185,99001.16134447641
5556,,,,1031.0,10739.933751250383,10739.933751250383,1075,3,107.141,101281.26981149448
5557,,,,1029.0,10741.933751250383,10741.933751250383,1076,3,107.102,89753.9803940997
5558,,,,1026.0,10743.933751250383,10743.933751250383,1077,3,107.061,94339.07644272315
5559,,,,1025.0,10745.933751250383,10745.933751250383,1078,3,107.023,87420.23428572722
5560,,,,1023.0,10747.933751250383,10747.933751250383,1079,3,106.992,71306.79029497028
5561,,,,1021.0,10749.933751250383,10749.933751250383,1080,3,106.963,66700.0601967388
5562,,,,1018.0,10751.933751250383,10751.933751250383,1081,3,106.932,71293.33096141563
5563,,,,1013.0,10753.933751250383,10753.933751250383,1082,3,106.9,73585.1251807078
5564,,,,1007.0,10755.933751250383,10755.933751250383,1083,3,106.863,85071.16465934993
5565,,,,1002.0,10757.933751250383,10757.933751250383,1084,3,106.82,98847.86498405736
5566,,,,998.0,10759.933751250383,10759.933751250383,1085,3,106.775,103422.0622318959
5567,,,,995.0,10761.933751250383,10761.933751250383,1086,3,106.726,112586.49727347484
5568,,,,991.0,10763.933751250383,10763.933751250383,1087,3,106.679,107962.63226271584
5569,,,,987.0,10765.933751250383,10765.933751250383,1088,3,106.63,112527.05756474307
5570,,,,982.0,10767.933751250383,10767.933751250383,1089,3,106.584,105610.2144345808
5571,,,,978.0,10769.933751250383,10769.933751250383,1090,3,106.534,114763.33705994244
5572,,,,975.0,10771.933751250383,10771.933751250383,1091,3,106.485,112436.70123213778
5573,,,,971.0,10773.933751250383,10773.933751250383,1092,3,106.436,112405.84066423168
5574,,,,966.0,10775.933751250383,10775.933751250383,1093,3,106.386,114667.78864045652
5575,,,,961.0,10777.933751250383,10777.933751250383,1094,3,106.335,116927.3351204908
5576,,,,957.0,10779.933751250383,10779.933751250383,1095,3,106.28,126058.65879869857
5577,,,,954.0,10781.933751250383,10781.933751250383,1096,3,106.229,116854.15593677228
5578,,,,951.0,10783.933751250383,10783.933751250383,1097,3,106.176,121399.75676701363
5579,,,,947.0,10785.933751250383,10785.933751250383,1098,3,106.124,119072.39424031907
5580,,,,945.0,10787.933751250383,10787.933751250383,1099,3,106.074,114458.89830738492
5581,,,,942.0,10789.933751250383,10789.933751250383,1100,3,106.023,116714.14152079099
5582,,,,938.0,10791.933751250383,10791.933751250383,1101,3,105.972,116679.63577541699
5583,,,,934.0,10793.933751250383,10793.933751250383,1102,3,105.919,121218.28307376208
5584,,,,931.0,10795.933751250383,10795.933751250383,1103,3,105.868,116608.35949018372
5585,,,,929.0,10797.933751250383,10797.933751250383,1104,3,105.819,112003.32789802864
5586,,,,924.0,10799.933751250383,10799.933751250383,1105,3,105.771,109687.58315650345
5587,,,,918.0,10801.933751250383,10801.933751250383,1106,3,105.721,114226.1286459658
5588,,,,913.0,10803.933751250383,10803.933751250383,1107,3,105.67,116476.57234014347
5589,,,,911.0,10805.933751250383,10805.933751250383,1108,3,105.619,116441.92175476946
5590,,,,908.0,10807.933751250383,10807.933751250383,1109,3,105.568,116407.25036139545
5591,,,,904.0,10809.933751250383,10809.933751250383,1110,3,105.512,127778.60570797416
5592,,,,904.0,10811.933751250383,10811.933751250383,1111,3,105.458,123173.6578290745
5593,,,,908.0,10813.933751250383,10813.933751250383,1112,3,105.412,104895.37366578612
5594,,,,910.0,10815.933751250383,10815.933751250383,1113,3,105.37,95751.77421415808
5595,,,,909.0,10817.933751250383,10817.933751250383,1114,3,105.33,91173.54565555247
5596,,,,907.0,10819.933751250383,10819.933751250383,1115,3,105.296,77484.61845387069
5597,,,,903.0,10821.933751250383,10821.933751250383,1116,3,105.274,50133.04098003014
5598,,,,901.0,10823.933751250383,10823.933751250383,1117,3,105.271,6836.775394971294
5607,,,,894.0,10841.933751250383,10841.933751250383,1126,3,105.259,27390.627751809956
5608,,,,892.0,10843.933751250383,10843.933751250383,1127,3,105.224,79886.22977174741
5609,,,,888.0,10845.933751250383,10845.933751250383,1128,3,105.179,102690.76495789894
5610,,,,888.0,10847.933751250383,10847.933751250383,1129,3,105.132,107227.67037247657
5611,,,,889.0,10849.933751250383,10849.933751250383,1130,3,105.086,104919.16317275101
5612,,,,888.0,10851.933751250383,10851.933751250383,1131,3,105.043,98053.15745029126
5613,,,,886.0,10853.933751250383,10853.933751250383,1132,3,105.001,95751.75375560432
5614,,,,884.0,10855.933751250383,10855.933751250383,1133,3,104.959,95731.0977173299
5615,,,,881.0,10857.933751250383,10857.933751250383,1134,3,104.916,97988.78037989249
5616,,,,876.0,10859.933751250383,10859.933751250383,1135,3,104.875,93410.97082594408
5617,,,,871.0,10861.933751250383,10861.933751250383,1136,3,104.831,100223.75788654036
5618,,,,871.0,10863.933751250383,10863.933751250383,1137,3,104.789,95646.50730336204
5619,,,,869.0,10865.933751250383,10865.933751250383,1138,3,104.748,93349.42157785856
5620,,,,868.0,10867.933751250383,10867.933751250383,1139,3,104.709,88778.22718969377
5621,,,,870.0,10869.933751250383,10869.933751250383,1140,3,104.67,88761.49849722246
5622,,,,871.0,10871.933751250383,10871.933751250383,1141,3,104.631,88744.75763675116
5623,,,,869.0,10873.933751250383,10873.933751250383,1142,3,104.591,91002.64669217852
5624,,,,868.0,10875.933751250383,10875.933751250383,1143,3,104.549,95532.8969589045
5625,,,,867.0,10877.933751250383,10877.933751250383,1144,3,104.506,97785.71693582338
5626,,,,867.0,10879.933751250383,10879.933751250383,1145,3,104.464,95490.3497519529
5627,,,,867.0,10881.933751250383,10881.933751250383,1146,3,104.419,102287.29354931338
5628,,,,869.0,10883.933751250383,10883.933751250383,1147,3,104.376,97717.97074645209
5629,,,,872.0,10885.933751250383,10885.933751250383,1148,3,104.334,95424.13579538924
5630,,,,873.0,10887.933751250383,10887.933751250383,1149,3,104.294,90861.1137062488
5631,,,,872.0,10889.933751250383,10889.933751250383,1150,3,104.256,86301.63598527666
5632,,,,873.0,10891.933751250383,10891.933751250383,1151,3,104.217,88556.29009205577
5633,,,,873.0,10893.933751250383,10893.933751250383,1152,3,104.178,88539.41163958448
5634,,,,871.0,10895.933751250383,10895.933751250383,1153,3,104.143,79444.81352479034
5635,,,,868.0,10897.933751250383,10897.933751250383,1154,3,104.104,88509.01838597225
5636,,,,866.0,10899.933751250383,10899.933751250383,1155,3,104.064,90760.69636522577
5637,,,,861.0,10901.933751250383,10901.933751250383,1156,3,104.024,90742.46361718953
5638,,,,855.0,10903.933751250383,10903.933751250383,1157,3,103.98,99794.72078377676
5639,,,,851.0,10905.933751250383,10905.933751250383,1158,3,103.936,99770.79736029192
5640,,,,846.0,10907.933751250383,10907.933751250383,1159,3,103.901,79347.52794707639
5641,,,,840.0,10909.933751250383,10909.933751250383,1160,3,103.877,54404.261159217305
5642,,,,839.0,10911.933751250383,10911.933751250383,1161,3,103.87,15868.450507126217
5669,,,,766.0,10965.933751250383,10965.933751250383,1188,3,103.826,100213.54536161215
5670,,,,759.0,10968.933751250383,10968.933751250383,1189,3,103.78,104751.95717663839
5671,,,,753.0,10970.933751250383,10970.933751250383,1190,3,103.736,100172.34868626989
5672,,,,746.0,10972.933751250383,10972.933751250383,1191,3,103.7,81942.53348248059
5673,,,,742.0,10974.933751250383,10974.933751250383,1192,3,103.662,86479.80007601021
5674,,,,740.0,10976.933751250383,10976.933751250383,1193,3,103.634,63713.28484919078
5675,,,,737.0,10978.933751250383,10978.933751250383,1194,3,103.607,61432.700657660105
5676,,,,733.0,10980.933751250383,10980.933751250383,1195,3,103.577,68252.21334957436
5677,,,,727.0,10982.933751250383,10982.933751250383,1196,3,103.547,68244.87510882212
5678,,,,723.0,10984.933751250383,10984.933751250383,1197,3,103.515,72785.995276837
5679,,,,721.0,10986.933751250383,10986.933751250383,1198,3,103.483,72776.74600451444
5680,,,,719.0,10988.933751250383,10988.933751250383,1199,3,103.45,75041.10992227019
5681,,,,719.0,10990.933751250383,10990.933751250383,1200,3,103.413,84123.84855765555
5682,,,,718.0,10992.933751250383,10992.933751250383,1201,3,103.379,77290.52571379274
5683,,,,718.0,10994.933751250383,10994.933751250383,1202,3,103.344,79551.6991451152
5684,,,,719.0,10996.933751250383,10996.933751250383,1203,3,103.312,72722.63492154075
5685,,,,718.0,10998.933751250383,10998.933751250383,1204,3,103.28,72713.3350892182
5686,,,,715.0,11000.933751250383,11000.933751250383,1205,3,103.242,86333.52392667031
5687,,,,713.0,11002.933751250383,11002.933751250383,1206,3,103.207,79504.06345044069
5688,,,,711.0,11004.933751250383,11004.933751250383,1207,3,103.182,56782.431799651014
5689,,,,707.0,11006.933751250383,11006.933751250383,1208,3,103.161,47695.27835172122
5690,,,,700.0,11008.933751250383,11008.933751250383,1209,3,103.125,81755.60068117881
5691,,,,697.0,11010.933751250383,11010.933751250383,1210,3,103.094,70390.5761647356
5692,,,,693.0,11012.933751250383,11012.933751250383,1211,3,103.061,74922.25479710833
5693,,,,688.0,11014.933751250383,11014.933751250383,1212,3,103.026,79451.21281981234
5694,,,,681.0,11016.933751250383,11016.933751250383,1213,3,102.991,79438.6474220895
5695,,,,676.0,11018.933751250383,11018.933751250383,1214,3,102.951,90770.45018401444
5696,,,,672.0,11020.933751250383,11020.933751250383,1215,3,102.909,95288.31572533233
5697,,,,668.0,11022.933751250383,11022.933751250383,1216,3,102.867,95266.71905509016
5698,,,,663.0,11024.933751250383,11024.933751250383,1217,3,102.823,99779.61942499167
5699,,,,658.0,11026.933751250383,11026.933751250383,1218,3,102.78,97488.3383824905
5700,,,,654.0,11028.933751250383,11028.933751250383,1219,3,102.737,97465.2352435106
5701,,,,649.0,11030.933751250383,11030.933751250383,1220,3,102.693,99707.72770284515
5702,,,,643.0,11032.933751250383,11032.933751250383,1221,3,102.649,99683.08602336032
5703,,,,636.0,11034.933751250383,11034.933751250383,1222,3,102.604,101922.89657604662
5704,,,,630.0,11036.933751250383,11036.933751250383,1223,3,102.559,101896.66976435405
5705,,,,624.0,11038.933751250383,11038.933751250383,1224,3,102.514,101870.4267526615
5706,,,,617.0,11040.933751250383,11040.933751250383,1225,3,102.47,99581.44961891061
5707,,,,611.0,11042.933751250383,11042.933751250383,1226,3,102.426,99556.72997142578
5708,,,,604.0,11044.933751250383,11044.933751250383,1227,3,102.382,99531.99483594095
5709,,,,599.0,11046.933751250383,11046.933751250383,1228,3,102.338,99507.24421248824
5710,,,,594.0,11048.933751250383,11048.933751250383,1229,3,102.298,90440.38428481693
5711,,,,595.0,11050.933751250383,11050.933751250383,1230,3,102.265,74600.20131158488
5712,,,,596.0,11052.933751250383,11052.933751250383,1231,3,102.235,67809.74856392367
5713,,,,592.0,11054.933751250383,11054.933751250383,1232,3,102.207,63282.59744726076
5714,,,,590.0,11056.933751250383,11056.933751250383,1233,3,102.18,61017.12500262412
5715,,,,588.0,11058.933751250383,11058.933751250383,1234,3,102.152,63271.43343530691
5716,,,,585.0,11060.933751250383,11060.933751250383,1235,3,102.124,63265.53248318495
5717,,,,582.0,11062.933751250383,11062.933751250383,1236,3,102.098,58741.655870235765
5718,,,,578.0,11064.933751250383,11064.933751250383,1237,3,102.069,65513.73554654635
5719,,,,577.0,11066.933751250383,11066.933751250383,1238,3,102.04,65506.96264997675
5720,,,,576.0,11068.933751250383,11068.933751250383,1239,3,102.002,85824.0404579846
5721,,,,570.0,11070.933751250383,11070.933751250383,1240,3,101.962,90322.87726558335
5722,,,,564.0,11072.933751250383,11072.933751250383,1241,3,101.913,110617.2240582873
5723,,,,558.0,11074.933751250383,11074.933751250383,1242,3,101.862,115096.52588321774
5724,,,,552.0,11076.933751250383,11076.933751250383,1243,3,101.811,115059.68872381168
5725,,,,546.0,11078.933751250383,11078.933751250383,1244,3,101.762,110513.21724663628
5726,,,,544.0,11080.933751250383,11080.933751250383,1245,3,101.717,101463.1793446843
5727,,,,544.0,11082.933751250383,11082.933751250383,1246,3,101.681,81152.87612892878
5728,,,,542.0,11084.933751250383,11084.933751250383,1247,3,101.652,65364.052198838624
5729,,,,542.0,11086.933751250383,11086.933751250383,1248,3,101.631,47329.488228865855
5730,,,,543.0,11088.933751250383,11088.933751250383,1249,3,101.619,27045.909419300708
5731,,,,546.0,11090.933751250383,11090.933751250383,1250,3,101.618,2254.088102813637
5739,,,,538.0,11106.933751250383,11106.933751250383,1258,3,101.617,2257.3176809140714
5740,,,,541.0,11108.933751250383,11108.933751250383,1259,3,101.57,106087.97333944504
5741,,,,548.0,11110.933751250383,11110.933751250383,1260,3,101.523,106057.98481209994
5742,,,,551.0,11112.933751250383,11112.933751250383,1261,3,101.48,97006.2322831008
5743,,,,552.0,11114.933751250383,11114.933751250383,1262,3,101.446,76687.30757782559
5744,,,,553.0,11116.933751250383,11116.933751250383,1263,3,101.428,40596.062721322596
5745,,,,552.0,11118.933751250383,11118.933751250383,1264,3,101.426,4511.040374341776
5751,,,,548.0,11130.933751250383,11130.933751250383,1270,3,101.425,2257.9210423856725
5752,,,,546.0,11132.933751250383,11132.933751250383,1271,3,101.39,79027.40855658692
5753,,,,543.0,11134.933751250383,11134.933751250383,1272,3,101.347,97070.91174888606
5754,,,,544.0,11136.933751250383,11136.933751250383,1273,3,101.297,112841.6401544127
5755,,,,547.0,11138.933751250383,11138.933751250383,1274,3,101.249,108295.03082788058
5756,,,,550.0,11140.933751250383,11140.933751250383,1275,3,101.209,90222.84661640805
5757,,,,551.0,11142.933751250383,11142.933751250383,1276,3,101.184,56381.29476793329
5758,,,,553.0,11144.933751250383,11144.933751250383,1277,3,101.171,29318.02990002527
5765,,,,552.0,11158.933751250383,11158.933751250383,1284,3,101.16,24835.780473088984
5766,,,,549.0,11160.933751250383,11160.933751250383,1285,3,101.115,101591.00435404155
5767,,,,550.0,11162.933751250383,11162.933751250383,1286,3,101.066,110589.72232929894
5768,,,,557.0,11164.933751250383,11164.933751250383,1287,3,101.019,106044.48494470071
5769,,,,564.0,11166.933751250383,11166.933751250383,1288,3,100.982,83462.07603340801
5770,,,,567.0,11168.933751250383,11168.933751250383,1289,3,100.945,83446.44356679707
5771,,,,568.0,11170.933751250383,11170.933751250383,1290,3,100.909,81176.31581126724
5772,,,,570.0,11172.933751250383,11172.933751250383,1291,3,100.88,65382.678733224675
5773,,,,573.0,11174.933751250383,11174.933751250383,1292,3,100.857,51851.14503403925
5774,,,,574.0,11176.933751250383,11176.933751250383,1293,3,100.844,29307.183289304183
5775,,,,578.0,11178.933751250383,11178.933751250383,1294,3,100.842,4509.26886509886
5780,,,,580.0,11188.933751250383,11188.933751250383,1299,3,100.829,29334.284961141206
5781,,,,577.0,11190.933751250383,11190.933751250383,1300,3,100.791,85740.01039122244
5782,,,,579.0,11192.933751250383,11192.933751250383,1301,3,100.743,108276.32210997984
5783,,,,582.0,11194.933751250383,11194.933751250383,1302,3,100.695,108244.08311925408
5784,,,,584.0,11196.933751250383,11196.933751250383,1303,3,100.651,99196.1442154805
5785,,,,584.0,11198.933751250383,11198.933751250383,1304,3,100.616,78889.15297594419
5786,,,,585.0,11200.933751250383,11200.933751250383,1305,3,100.597,42821.69617492882
5787,,,,587.0,11202.933751250383,11202.933751250383,1306,3,100.587,22538.51023809507
5788,,,,590.0,11204.933751250383,11204.933751250383,1307,3,100.585,4508.23786523461
5795,,,,594.0,11218.933751250383,11218.933751250383,1314,3,100.55,78978.2084020134
5796,,,,596.0,11220.933751250383,11220.933751250383,1315,3,100.509,92498.85848279149
5797,,,,595.0,11222.933751250383,11222.933751250383,1316,3,100.463,103752.79032540404
5798,,,,594.0,11224.933751250383,11224.933751250383,1317,3,100.41,119503.6642229845
5799,,,,600.0,11226.933751250383,11226.933751250383,1318,3,100.365,101433.94307583214
5800,,,,606.0,11228.933751250383,11228.933751250383,1319,3,100.33,78875.68007224415
5801,,,,607.0,11230.933751250383,11230.933751250383,1320,3,100.303,60838.99014549699
5802,,,,606.0,11232.933751250383,11232.933751250383,1321,3,100.285,40557.45087532615
5803,,,,610.0,11234.933751250383,11234.933751250383,1322,3,100.277,18026.406264136243
5809,,,,623.0,11246.933751250383,11246.933751250383,1328,3,100.265,27065.79106012008
5810,,,,625.0,11248.933751250383,11248.933751250383,1329,3,100.232,74427.4565207096
5811,,,,627.0,11250.933751250383,11250.933751250383,1330,3,100.183,110487.93850006825
5812,,,,629.0,11252.933751250383,11252.933751250383,1331,3,100.135,108199.92879278687
5813,,,,632.0,11254.933751250383,11254.933751250383,1332,3,100.091,99155.33607225091
5814,,,,633.0,11256.933751250383,11256.933751250383,1333,3,100.062,65340.16277229832
5815,,,,633.0,11258.933751250383,11258.933751250383,1334,3,100.052,22530.702686956698
5822,,,,648.0,11272.933751250383,11272.933751250383,1341,3,100.05,4511.47317900695
5823,,,,651.0,11274.933751250383,11274.933751250383,1342,3,100.014,81205.50045636871
5824,,,,652.0,11276.933751250383,11276.933751250383,1343,3,99.973,92464.84615455654
5825,,,,653.0,11278.933751250383,11278.933751250383,1344,3,99.925,108222.54235236165
5826,,,,655.0,11280.933751250383,11280.933751250383,1345,3,99.876,110443.15037722814
5827,,,,657.0,11282.933751250383,11282.933751250383,1346,3,99.832,99144.8538781924
5828,,,,658.0,11284.933751250383,11284.933751250383,1347,3,99.795,83352.76638853364
5829,,,,656.0,11286.933751250383,11286.933751250383,1348,3,99.77,56311.923351719866
5830,,,,659.0,11288.933751250383,11288.933751250383,1349,3,99.759,24777.166286975884
5831,,,,664.0,11290.933751250383,11290.933751250383,1350,3,99.757,4505.443876618442
5836,,,,676.0,11300.933751250383,11300.933751250383,1355,3,99.742,33817.87473661178
5837,,,,676.0,11302.933751250383,11302.933751250383,1356,3,99.707,78902.55918138416
5838,,,,680.0,11304.933751250383,11304.933751250383,1357,3,99.664,96916.66571756554
5839,,,,683.0,11306.933751250383,11306.933751250383,1358,3,99.618,103650.34510358181
5840,,,,686.0,11308.933751250383,11308.933751250383,1359,3,99.571,105872.91463395052
5841,,,,688.0,11310.933751250383,11310.933751250383,1360,3,99.529,94584.29021470953
5842,,,,689.0,11312.933751250383,11312.933751250383,1361,3,99.494,78803.69048912099
5843,,,,686.0,11314.933751250383,11314.933751250383,1362,3,99.475,42775.10001751049
5853,,,,689.0,11335.933751250383,11335.933751250383,1372,3,99.46,33826.709712076205
5854,,,,692.0,11337.933751250383,11337.933751250383,1373,3,99.414,103721.73089490632
5855,,,,698.0,11339.933751250383,11339.933751250383,1374,3,99.371,96930.97542193356
5856,,,,701.0,11341.933751250383,11341.933751250383,1375,3,99.331,90146.5968096202
5857,,,,704.0,11343.933751250383,11343.933751250383,1376,3,99.291,90126.19238164823
5858,,,,706.0,11345.933751250383,11345.933751250383,1377,3,99.254,83349.10141573609
5859,,,,705.0,11347.933751250383,11347.933751250383,1378,3,99.214,90088.06862974052
5860,,,,701.0,11349.933751250383,11349.933751250383,1379,3,99.171,96821.23411138005
5861,,,,697.0,11351.933751250383,11351.933751250383,1380,3,99.131,90044.44666963222
5862,,,,697.0,11353.933751250383,11353.933751250383,1381,3,99.098,74272.40480803102
5863,,,,697.0,11355.933751250383,11355.933751250383,1382,3,99.091,15754.348079597192
5870,,,,692.0,11369.933751250383,11369.933751250383,1389,3,99.085,13519.487946527286
5871,,,,691.0,11371.933751250383,11371.933751250383,1390,3,99.062,51826.234811198505
5872,,,,690.0,11373.933751250383,11373.933751250383,1391,3,99.036,58581.9917346267
5873,,,,687.0,11375.933751250383,11375.933751250383,1392,3,99.007,65334.79738905931
5874,,,,683.0,11377.933751250383,11377.933751250383,1393,3,98.975,72084.03455810578
5875,,,,681.0,11379.933751250383,11379.933751250383,1394,3,98.942,74325.31749212813
5876,,,,680.0,11381.933751250383,11381.933751250383,1395,3,98.909,74313.59016238591
5877,,,,677.0,11383.933751250383,11383.933751250383,1396,3,98.877,72050.64706961792
5878,,,,673.0,11385.933751250383,11385.933751250383,1397,3,98.846,69789.09035203418
5879,,,,671.0,11387.933751250383,11387.933751250383,1398,3,98.818,63027.56703621341
5880,,,,667.0,11389.933751250383,11389.933751250383,1399,3,98.793,56269.40496293929
5881,,,,664.0,11391.933751250383,11391.933751250383,1400,3,98.763,67516.34592486318
5882,,,,663.0,11393.933751250383,11393.933751250383,1401,3,98.73,74257.33122508065
5883,,,,662.0,11395.933751250383,11395.933751250383,1402,3,98.696,76495.02297034173
5884,,,,659.0,11397.933751250383,11397.933751250383,1403,3,98.659,83229.25097266855
5885,,,,653.0,11399.933751250383,11399.933751250383,1404,3,98.614,101200.4608909726
5886,,,,647.0,11401.933751250383,11401.933751250383,1405,3,98.565,110162.87286176698
5887,,,,644.0,11403.933751250383,11403.933751250383,1406,3,98.518,105633.50934838428
5888,,,,639.0,11405.933751250383,11405.933751250383,1407,3,98.476,94369.82156254393
5889,,,,633.0,11407.933751250383,11407.933751250383,1408,3,98.436,89854.36203303075
5890,,,,629.0,11409.933751250383,11409.933751250383,1409,3,98.395,92078.97547791169
5891,,,,623.0,11411.933751250383,11411.933751250383,1410,3,98.349,103280.55672195888
5892,,,,618.0,11413.933751250383,11413.933751250383,1411,3,98.298,114470.30734949317
5893,,,,617.0,11415.933751250383,11415.933751250383,1412,3,98.248,112187.80575365652
5894,,,,614.0,11417.933751250383,11417.933751250383,1413,3,98.202,103180.44192993887
5895,,,,608.0,11419.933751250383,11419.933751250383,1414,3,98.155,105392.04478492413
5896,,,,603.0,11421.933751250383,11421.933751250383,1415,3,98.104,114324.52210042342
5897,,,,600.0,11423.933751250383,11423.933751250383,1416,3,98.052,116525.40374331723
5898,,,,598.0,11425.933751250383,11425.933751250383,1417,3,97.999,118723.48410694432
5899,,,,597.0,11427.933751250383,11427.933751250383,1418,3,97.949,111964.03813449413
5900,,,,596.0,11429.933751250383,11429.933751250383,1419,3,97.903,102974.46771227763
5901,,,,594.0,11431.933751250383,11431.933751250383,1420,3,97.854,109656.17171184729
5902,,,,592.0,11433.933751250383,11433.933751250383,1421,3,97.804,111857.030495101
5903,,,,591.0,11435.933751250383,11435.933751250383,1422,3,97.756,107347.73781094127
5904,,,,590.0,11437.933751250383,11437.933751250383,1423,3,97.708,107313.8055722155
5905,,,,592.0,11439.933751250383,11439.933751250383,1424,3,97.663,100576.40836120304
5906,,,,593.0,11441.933751250383,11441.933751250383,1425,3,97.621,93845.9168085291
5907,,,,592.0,11443.933751250383,11443.933751250383,1426,3,97.584,82654.78425275671
5908,,,,593.0,11445.933751250383,11445.933751250383,1427,3,97.547,82637.89045617753
5909,,,,595.0,11447.933751250383,11447.933751250383,1428,3,97.511,80388.39821945335
5910,,,,596.0,11449.933751250383,11449.933751250383,1429,3,97.482,64747.051026761284
5911,,,,594.0,11451.933751250383,11451.933751250383,1430,3,97.454,62507.03641655779
5912,,,,591.0,11453.933751250383,11453.933751250383,1431,3,97.437,37948.566246144816
5913,,,,588.0,11455.933751250383,11455.933751250383,1432,3,97.434,6697.287798119994
5923,,,,588.0,11475.933751250383,11475.933751250383,1442,3,97.429,11181.174392839348
5924,,,,586.0,11477.933751250383,11477.933751250383,1443,3,97.411,40254.49101768677
5925,,,,584.0,11479.933751250383,11479.933751250383,1444,3,97.394,38017.92440500047
5926,,,,581.0,11481.933751250383,11481.933751250383,1445,3,97.378,35781.74720958858
5927,,,,578.0,11483.933751250383,11483.933751250383,1446,3,97.36,40254.44923531947
5928,,,,578.0,11485.933751250383,11485.933751250383,1447,3,97.334,58142.3020299061
5929,,,,576.0,11487.933751250383,11487.933751250383,1448,3,97.303,69315.28580781896
5930,,,,571.0,11489.933751250383,11489.933751250383,1449,3,97.264,87186.9156670051
5931,,,,567.0,11491.933751250383,11491.933751250383,1450,3,97.219,100574.35882850307
5932,,,,565.0,11493.933751250383,11493.933751250383,1451,3,97.171,107246.67753143929
5933,,,,565.0,11495.933751250383,11495.933751250383,1452,3,97.126,100513.14480300511
5934,,,,563.0,11497.933751250383,11497.933751250383,1453,3,97.085,91554.03368235224
5935,,,,561.0,11499.933751250383,11499.933751250383,1454,3,97.052,73674.56707596542
5936,,,,559.0,11501.933751250383,11501.933751250383,1455,3,97.023,64734.89599046722
5937,,,,556.0,11503.933751250383,11503.933751250383,1456,3,97.0,51336.63797902499
5938,,,,550.0,11505.933751250383,11505.933751250383,1457,3,96.984,35711.47284485279
5939,,,,545.0,11507.933751250383,11507.933751250383,1458,3,96.977,15624.632368263374
5952,,,,499.0,11533.933751250383,11533.933751250383,1471,3,96.96,38026.5606685988
5953,,,,496.0,11535.933751250383,11535.933751250383,1472,3,96.936,53682.51385514891
5954,,,,491.0,11537.933751250383,11537.933751250383,1473,3,96.906,67096.08462629885
5955,,,,488.0,11539.933751250383,11539.933751250383,1474,3,96.876,67086.9432655466
5956,,,,485.0,11541.933751250383,11541.933751250383,1475,3,96.838,84961.69787823364
5957,,,,481.0,11543.933751250383,11543.933751250383,1476,3,96.798,89412.84623426697
5958,,,,477.0,11545.933751250383,11545.933751250383,1477,3,96.756,93859.98977416326
5959,,,,473.0,11547.933751250383,11547.933751250383,1478,3,96.714,93835.50719988885
5960,,,,471.0,11549.933751250383,11549.933751250383,1479,3,96.668,102743.2672794606
5961,,,,473.0,11551.933751250383,11551.933751250383,1480,3,96.618,111641.35335223445
5962,,,,476.0,11553.933751250383,11553.933751250383,1481,3,96.575,95981.98229781105
5963,,,,479.0,11555.933751250383,11555.933751250383,1482,3,96.531,98186.88629062724
5964,,,,484.0,11557.933751250383,11557.933751250383,1483,3,96.491,89237.419541368
5965,,,,490.0,11559.933751250383,11559.933751250383,1484,3,96.453,84755.9545926403
5966,,,,493.0,11561.933751250383,11561.933751250383,1485,3,96.428,55751.9335968858
5967,,,,488.0,11563.933751250383,11563.933751250383,1486,3,96.422,13380.627743572324
5975,,,,499.0,11579.933751250383,11579.933751250383,1494,3,96.403,42425.1137860927
5976,,,,503.0,11581.933751250383,11581.933751250383,1495,3,96.374,64749.18284020266
5977,,,,506.0,11583.933751250383,11583.933751250383,1496,3,96.343,69205.04978291279
5978,,,,506.0,11585.933751250383,11585.933751250383,1497,3,96.311,71426.44738922066
5979,,,,504.0,11587.933751250383,11587.933751250383,1498,3,96.271,89265.09830734601
5980,,,,500.0,11589.933751250383,11589.933751250383,1499,3,96.231,89243.41707934199
5981,,,,496.0,11591.933751250383,11591.933751250383,1500,3,96.199,71380.34597609169
5982,,,,495.0,11593.933751250383,11593.933751250383,1501,3,96.178,46838.530058551965
5983,,,,498.0,11595.933751250383,11595.933751250383,1502,3,96.171,15613.26382781428
5995,,,,505.0,11619.933751250383,11619.933751250383,1514,3,96.146,55867.7699809932
5996,,,,507.0,11621.933751250383,11621.933751250383,1515,3,96.119,60331.259502474466
5997,,,,506.0,11623.933751250383,11623.933751250383,1516,3,96.096,51388.77179791299
5998,,,,505.0,11625.933751250383,11625.933751250383,1517,3,96.079,37981.63491701383
5999,,,,506.0,11627.933751250383,11627.933751250383,1518,3,96.066,29045.241298221994
6000,,,,507.0,11629.933751250383,11629.933751250383,1519,3,96.053,29046.306150645825
6001,,,,504.0,11631.933751250383,11631.933751250383,1520,3,96.034,42452.52191103265
6002,,,,500.0,11633.933751250383,11633.933751250383,1521,3,96.01,53621.45215980512
6003,,,,497.0,11635.933751250383,11635.933751250383,1522,3,95.976,75953.83682371037
6004,,,,499.0,11637.933751250383,11637.933751250383,1523,3,95.936,89338.36568278077
6005,,,,501.0,11639.933751250383,11639.933751250383,1524,3,95.895,91548.90538890522
6006,,,,499.0,11641.933751250383,11641.933751250383,1525,3,95.854,91525.49534960178
6007,,,,497.0,11643.933751250383,11643.933751250383,1526,3,95.823,69188.10297880419
6008,,,,495.0,11645.933751250383,11645.933751250383,1527,3,95.805,40170.365871892755
6009,,,,491.0,11647.933751250383,11647.933751250383,1528,3,95.799,13390.744190847978
6018,,,,471.0,11665.933751250383,11665.933751250383,1537,3,95.78,42464.010520497344
6019,,,,467.0,11667.933751250383,11667.933751250383,1538,3,95.742,84917.30830045772
6020,,,,464.0,11669.933751250383,11669.933751250383,1539,3,95.7,93832.84920269233
6021,,,,464.0,11671.933751250383,11671.933751250383,1540,3,95.656,98273.76041578095
6022,,,,462.0,11673.933751250383,11673.933751250383,1541,3,95.614,93780.67896127331
6023,,,,460.0,11675.933751250383,11675.933751250383,1542,3,95.574,89291.93688137628
6024,,,,458.0,11677.933751250383,11677.933751250383,1543,3,95.53,98194.79347034708
6025,,,,454.0,11679.933751250383,11679.933751250383,1544,3,95.488,93705.25858245007
6026,,,,450.0,11681.933751250383,11681.933751250383,1545,3,95.446,93680.09023217566
6027,,,,446.0,11683.933751250383,11683.933751250383,1546,3,95.402,98113.637096573
6028,,,,442.0,11685.933751250383,11685.933751250383,1547,3,95.36,93627.74795875662
6029,,,,437.0,11687.933751250383,11687.933751250383,1548,3,95.317,95830.66618716245
6030,,,,432.0,11689.933751250383,11689.933751250383,1549,3,95.276,91348.80128152753
6031,,,,425.0,11691.933751250383,11691.933751250383,1550,3,95.235,91325.12162625583
6032,,,,418.0,11693.933751250383,11693.933751250383,1551,3,95.195,89075.03217003834
6033,,,,411.0,11695.933751250383,11695.933751250383,1552,3,95.158,82375.1748619973
6034,,,,404.0,11697.933751250383,11697.933751250383,1553,3,95.122,80131.78203076826
6035,,,,398.0,11699.933751250383,11699.933751250383,1554,3,95.09,71214.96955816296
6036,,,,391.0,11701.933751250383,11701.933751250383,1555,3,95.067,51179.706175762956
6037,,,,385.0,11703.933751250383,11703.933751250383,1556,3,95.056,24477.056962469127
6037,,,,385.0,11703.933751250383,11703.933751250383,1556,3,95.056,1.7009992301484457e8
